21.0809
21.0813
21.0815
21.0818
21.0821
21.0829
21.0831
21.0834
21.0918
21.0924
21.0926
21.0928
21.1017
21.1021
21.1024
21.1026
21.1121
21.1124
21.1126
21.1128
21.122
21.1223
21.1225
21.1228
21.1318
21.1322
21.1324
21.1326
21.1418
21.1421
21.1424
21.1426
21.1518
21.1519
21.152
21.1521
21.1613
21.1616
21.1618
21.1621
21.1715
21.1718
21.172
21.1723
21.1815
21.1818
21.182
21.1824
21.1912
21.1919
21.1922
21.1925
21.2015
21.2019
21.2021
21.2024
21.2115
21.2118
21.2119
21.2119
21.2215
21.222
21.2221
21.2222
21.2318
21.2319
21.2319
21.232
21.2415
21.2418
21.2419
21.2422
21.2517
21.252
21.2522
21.2525
21.2618
21.2621
21.2623
21.2626
21.2714
21.2718
21.272
21.2722
21.2816
21.2819
21.2821
21.2823
21.2915
21.2916
21.2917
21.2918
21.3015
21.3018
21.3019
21.302
21.3118
21.3121
21.3124
21.3126
21.3212
21.3217
21.3219
21.3221
21.3317
21.332
21.3322
21.3325
21.3414
21.3419
21.3422
21.3424
21.3517
21.3518
21.3519
21.352
21.3614
21.3615
21.3618
21.362
21.3714
21.3717
21.3718
21.3719
21.3814
21.3816
21.3819
21.3821
21.3916
21.3919
21.3921
21.3923
21.4017
21.4021
21.4023
21.4025
21.4117
21.412
21.4122
21.4125
21.4216
21.4219
21.4222
21.4224
21.4312
21.4317
21.4319
21.4322
21.4416
21.4419
21.4421
21.4424
21.4516
21.4519
21.4521
21.4524
21.461
21.4618
21.4621
21.4624
21.4714
21.4718
21.4721
21.4723
21.4814
21.4818
21.482
21.4822
21.4918
21.4921
21.4923
21.4925
21.5018
21.5021
21.5023
21.5025
21.5116
21.5119
21.5121
21.5124
21.5214
21.5218
21.522
21.5223
21.5314
21.5318
21.532
21.5322
21.5417
21.5418
21.5419
21.5419
21.5516
21.5517
21.5519
21.552
21.5614
21.5617
21.5618
21.5618
21.5712
21.5717
21.5718
21.5719
21.5816
21.5819
21.5821
21.5823
21.5913
21.5916
21.5917
21.5918
21.6014
21.6017
21.6018
21.6018
21.6115
21.6116
21.6117
21.6118
21.6213
21.6217
21.6219
21.6221
21.6317
21.632
21.6322
21.6324
21.6411
21.6415
21.6418
21.642
21.6516
21.6518
21.6518
21.652
21.6612
21.6616
21.6619
21.6621
21.6717
21.672
21.6722
21.6725
21.6819
21.6822
21.6828
21.683
21.6921
21.6924
21.6926
21.6928
21.7018
21.7021
21.7024
21.7026
21.7116
21.7121
21.7124
21.7126
21.722
21.7223
21.7226
21.7228
21.7323
21.7326
21.7328
21.733
21.742
21.7423
21.7425
21.7427
21.7522
21.7525
21.7527
21.7529
21.7621
21.7624
21.7627
21.7629
21.7721
21.7724
21.7726
21.7728
21.7822
21.7825
21.7827
21.783
21.792
21.7924
21.7926
21.7929
21.8017
21.8022
21.8025
21.8027
21.812
21.8123
21.8125
21.8128
21.822
21.8222
21.8225
21.8227
21.8313
21.8322
21.8325
21.8328
21.8418
21.8421
21.8424
21.8426
21.8519
21.8523
21.8525
21.8527
21.862
21.8623
21.8626
21.8628
21.8719
21.8723
21.8725
21.8727
21.8821
21.8824
21.8826
21.8829
21.892
21.8923
21.8925
21.8927
21.9016
21.902
21.9023
21.9025
21.9119
21.9122
21.9124
21.9126
21.9218
21.9222
21.9224
21.9227
21.9318
21.9322
21.9324
21.9326
21.9416
21.9423
21.9426
21.9428
21.952
21.9523
21.9526
21.9528
21.9619
21.9623
21.9625
21.9627
21.9721
21.9724
21.9726
21.9728
21.982
21.9823
21.9825
21.9827
21.9915
21.992
21.9923
21.9925
22.0018
22.0024
22.0026
22.0028
22.0121
22.0125
22.0127
22.0129
22.0219
22.0222
22.0225
22.0227
22.0316
22.0322
22.0325
22.0328
22.0419
22.0422
22.0425
22.0427
22.052
22.0523
22.0525
22.0528
22.0617
22.0621
22.0623
22.0625
22.0721
22.0724
22.0726
22.0728
22.0819
22.0822
22.0824
22.0827
22.092
22.0923
22.0925
22.0928
22.1018
22.1021
22.1024
22.1026
22.112
22.1123
22.1125
22.1127
22.1219
22.1222
22.1225
22.1227
22.1317
22.1321
22.1324
22.1326
22.142
22.1423
22.1426
22.1428
22.1521
22.1524
22.1526
22.1529
22.1615
22.1621
22.1624
22.1626
22.1718
22.1721
22.1724
22.1726
22.182
22.1823
22.1825
22.1828
22.192
22.1923
22.1925
22.1927
22.2018
22.2021
22.2024
22.2026
22.212
22.2123
22.2125
22.2127
22.2219
22.2222
22.2225
22.2227
22.2318
22.2321
22.2324
22.2326
22.242
22.2423
22.2425
22.2428
22.2522
22.2525
22.2527
22.2529
22.2619
22.2622
22.2624
22.2626
22.2719
22.2722
22.2724
22.2727
22.282
22.2823
22.2826
22.2916
22.2923
22.2925
22.2928
22.302
22.3023
22.3025
22.3027
22.3121
22.3124
22.3126
22.3128
22.3219
22.3223
22.3225
22.3227
22.332
22.3324
22.3326
22.3328
22.3419
22.3423
22.3425
22.3427
22.3517
22.352
22.3523
22.3525
22.3619
22.3623
22.3625
22.3627
22.3717
22.3722
22.3724
22.3727
22.3819
22.3822
22.3825
22.3827
22.3914
22.3919
22.3922
22.3925
22.4021
22.4024
22.4026
22.4029
22.4118
22.4121
22.4123
22.4126
22.4218
22.4222
22.4224
22.4226
22.4321
22.4324
22.4326
22.4328
22.442
22.4423
22.4425
22.4427
22.4519
22.4522
22.4527
22.453
22.462
22.4623
22.4625
22.4627
22.472
22.4723
22.4726
22.4728
22.4821
22.4824
22.4826
22.4828
22.492
22.4923
22.4925
22.4928
22.5018
22.5021
22.5024
22.5026
22.5121
22.5124
22.5127
22.5129
22.5219
22.5223
22.5225
22.5228
22.5319
22.5323
22.5325
22.5328
22.542
22.5423
22.5425
22.5428
22.552
22.5524
22.5526
22.5528
22.5621
22.5624
22.5626
22.5628
22.5719
22.5722
22.5725
22.5727
22.582
22.5823
22.5825
22.5827
22.5917
22.5922
22.5925
22.5927
22.6018
22.6022
22.6024
22.6026
22.612
22.6123
22.6126
22.6128
22.6219
22.6222
22.6225
22.6227
22.6321
22.6324
22.6326
22.6328
22.6419
22.6422
22.6425
22.6427
22.6518
22.6521
22.6523
22.6526
22.6618
22.6623
22.6625
22.6627
22.6718
22.6721
22.6724
22.6726
22.6819
22.6823
22.6826
22.6828
22.692
22.6924
22.6926
22.6928
22.7017
22.7021
22.7024
22.7026
22.7115
22.7123
22.7125
22.7127
22.7218
22.7222
22.7224
22.7226
22.7319
22.7322
22.7325
22.7327
22.7417
22.7421
22.7423
22.7425
22.7522
22.7525
22.7527
22.7529
22.7619
22.7622
22.7625
22.7627
22.772
22.7724
22.7726
22.7728
22.7822
22.7825
22.7827
22.783
22.7919
22.7923
22.7925
22.7927
22.802
22.8023
22.8026
22.8028
22.812
22.8123
22.8125
22.8127
22.8218
22.8221
22.8224
22.8226
22.832
22.8324
22.8326
22.8328
22.842
22.8423
22.8426
22.8428
22.852
22.8523
22.8526
22.8528
22.8619
22.8622
22.8625
22.8627
22.8721
22.8723
22.8726
22.8728
22.8819
22.8824
22.8826
22.8829
22.8915
22.8919
22.8924
22.8926
22.902
22.9023
22.9025
22.9028
22.9121
22.9124
22.9127
22.9129
22.9219
22.9222
22.9224
22.9226
22.9318
22.9322
22.9324
22.9327
22.9418
22.9423
22.9425
22.9428
22.952
22.9523
22.9525
22.9527
22.962
22.9623
22.9625
22.9627
22.9719
22.9722
22.9724
22.9727
22.9816
22.9822
22.9825
22.9827
22.9921
22.9924
22.9927
22.9929
23.002
23.0023
23.0026
23.0028
23.012
23.0123
23.0126
23.0128
23.0218
23.0221
23.0224
23.0226
23.032
23.0323
23.0325
23.0328
23.042
23.0423
23.0425
23.0428
23.052
23.0523
23.0526
23.0528
23.0622
23.0626
23.0628
23.063
23.0715
23.0718
23.072
23.0722
23.0811
23.0817
23.082
23.0822
23.0916
23.0919
23.0921
23.0924
23.1016
23.102
23.1022
23.1025
23.1117
23.112
23.1122
23.1125
23.1217
23.122
23.1223
23.1225
23.1314
23.1318
23.132
23.1323
23.1413
23.1417
23.142
23.1423
23.1516
23.152
23.1522
23.1524
23.1615
23.1618
23.162
23.1622
23.1716
23.1719
23.1721
23.1724
23.1817
23.1819
23.1822
23.1824
23.1915
23.1918
23.192
23.1922
23.2015
23.2018
23.202
23.2022
23.2115
23.2118
23.2121
23.2123
23.2212
23.2216
23.2218
23.222
23.2316
23.2317
23.2318
23.2318
23.2418
23.2419
23.2419
23.242
23.2516
23.2519
23.2521
23.2523
23.2616
23.2619
23.2621
23.2624
23.2716
23.2719
23.2721
23.2723
23.2821
23.2824
23.2826
23.2829
23.2914
23.2918
23.2919
23.292
23.3016
23.3017
23.3018
23.3019
23.3112
23.3119
23.312
23.3121
23.3214
23.3217
23.3219
23.3222
23.3315
23.3318
23.3321
23.3323
23.3415
23.3417
23.342
23.3423
23.3515
23.3518
23.352
23.3522
23.3613
23.3617
23.362
23.3622
23.3715
23.3718
23.372
23.3723
23.3816
23.3818
23.3819
23.382
23.3916
23.3919
23.3921
23.3924
23.4014
23.4017
23.4019
23.4022
23.4111
23.4118
23.412
23.4123
23.4218
23.4222
23.4225
23.4227
23.432
23.4323
23.4325
23.4327
23.4422
23.4425
23.4427
23.4429
23.4519
23.4522
23.4525
23.4527
23.4615
23.4623
23.4625
23.4628
23.4721
23.4724
23.4726
23.4728
23.4818
23.4821
23.4824
23.4826
23.492
23.4923
23.4925
23.5021
23.5024
23.5026
23.5028
23.5121
23.5124
23.5126
23.5128
23.522
23.5223
23.5226
23.5228
23.5317
23.5321
23.5324
23.5326
23.5421
23.5424
23.5427
23.5429
23.552
23.5523
23.5525
23.5528
23.562
23.5623
23.5626
23.5628
23.5721
23.5724
23.5726
23.5729
23.5817
23.5822
23.5825
23.5827
23.5921
23.5924
23.5926
23.5928
23.602
23.6024
23.6026
23.6028
23.6121
23.6124
23.6126
23.6128
23.6219
23.6222
23.6224
23.6227
23.6319
23.6324
23.6326
23.6329
23.6419
23.6422
23.6425
23.6427
23.6517
23.6522
23.6525
23.6527
23.6617
23.662
23.6623
23.6626
23.6716
23.6723
23.6726
23.6728
23.6822
23.6825
23.6827
23.6829
23.6916
23.6921
23.6924
23.7017
23.7021
23.7023
23.7025
23.7118
23.7122
23.7124
23.7126
23.7221
23.7225
23.7227
23.7229
23.7321
23.7324
23.7327
23.7329
23.7419
23.7423
23.7425
23.7427
23.7519
23.7522
23.7524
23.7527
23.7622
23.7624
23.7627
23.7629
23.7721
23.7725
23.7727
23.7729
23.7821
23.7823
23.7826
23.7828
23.7921
23.7925
23.7927
23.7929
23.8019
23.8023
23.8026
23.8028
23.8122
23.8125
23.8127
23.8129
23.8219
23.8222
23.8225
23.8227
23.8317
23.8321
23.8324
23.8326
23.8418
23.8421
23.8424
23.8427
23.8519
23.8522
23.8528
23.8531
23.8614
23.8621
23.8624
23.8627
23.8717
23.8722
23.8725
23.8728
23.8818
23.8822
23.8824
23.8826
23.892
23.8923
23.8925
23.8927
23.9016
23.902
23.9023
23.9025
23.9122
23.9125
23.9127
23.9129
23.922
23.9223
23.9225
23.9228
23.932
23.9323
23.9325
23.9328
23.942
23.9423
23.9426
23.9428
23.9518
23.9521
23.9523
23.9526
23.962
23.9623
23.9625
23.9627
23.9716
23.9719
23.9722
23.9725
23.9818
23.9822
23.9824
23.9827
23.9921
23.9924
23.9926
23.9928
24.0018
24.0022
24.0025
24.0027
24.012
24.0123
24.0125
24.0128
24.0218
24.0222
24.0224
24.0227
24.0319
24.0322
24.0325
24.0327
24.0418
24.0423
24.0426
24.0428
24.052
24.0523
24.0526
24.0528
24.0616
24.062
24.0622
24.0624
24.0718
24.0719
24.072
24.0721
24.0815
24.0818
24.0818
24.0819
24.0918
24.0919
24.092
24.0921
24.1017
24.1019
24.1019
24.102
24.1114
24.1118
24.1121
24.1123
24.1217
24.122
24.1223
24.1225
24.1318
24.1321
24.1323
24.1325
24.1414
24.1418
24.1421
24.1423
24.152
24.1523
24.1525
24.1527
24.162
24.1623
24.1626
24.1628
24.1718
24.1722
24.1725
24.1727
24.1823
24.1826
24.1828
24.183
24.1916
24.1921
24.1923
24.1925
24.202
24.2023
24.2025
24.2028
24.2119
24.2122
24.2125
24.2127
24.2216
24.222
24.2223
24.2225
24.2316
24.2322
24.2324
24.2326
24.2422
24.2425
24.2427
24.2429
24.2518
24.2522
24.2524
24.2526
24.2621
24.2624
24.2626
24.2628
24.2719
24.2723
24.2725
24.2727
24.2817
24.2821
24.2824
24.2826
24.2921
24.2924
24.2927
24.2929
24.3019
24.3023
24.3025
24.3027
24.3115
24.3119
24.3121
24.3123
24.3214
24.3218
24.322
24.3222
24.3314
24.3317
24.3318
24.3319
24.3417
24.342
24.3422
24.3424
24.3515
24.3519
24.3521
24.3523
24.3615
24.3619
24.3621
24.3623
24.3716
24.3718
24.3719
24.372
24.3815
24.3818
24.3821
24.3822
24.3916
24.3919
24.3921
24.3924
24.4019
24.4022
24.4024
24.4027
24.4119
24.4122
24.4124
24.4127
24.422
24.4223
24.4225
24.4227
24.4317
24.4321
24.4324
24.4326
24.4416
24.4421
24.4424
24.4426
24.452
24.4523
24.4525
24.4528
24.4619
24.4623
24.4625
24.4627
24.4719
24.4722
24.4725
24.4727
24.4818
24.4823
24.4826
24.4828
24.4919
24.4923
24.4925
24.4927
24.502
24.5023
24.5026
24.5028
24.5119
24.5122
24.5125
24.5127
24.5221
24.5224
24.5226
24.5229
24.5318
24.5322
24.5324
24.5326
24.5419
24.5422
24.5424
24.5426
24.5518
24.5522
24.5524
24.5526
24.562
24.5624
24.5626
24.5628
24.572
24.5723
24.5725
24.5728
24.5818
24.5822
24.5825
24.5827
24.5916
24.5921
24.5923
24.5926
24.6022
24.6025
24.6027
24.603
24.6118
24.6125
24.6128
24.613
24.6218
24.6223
24.6226
24.6228
24.6317
24.6321
24.6323
24.6326
24.6422
24.6425
24.6427
24.6429
24.652
24.6523
24.6526
24.6528
24.6619
24.6625
24.6628
24.663
24.6716
24.672
24.6723
24.6726
24.6818
24.6822
24.6825
24.6827
24.6915
24.692
24.6926
24.6929
24.7018
24.7025
24.7028
24.703
24.7116
24.7121
24.7123
24.7126
24.7218
24.7221
24.7224
24.7226
24.7319
24.7322
24.7325
24.7327
24.742
24.7424
24.7426
24.7428
24.752
24.7523
24.7525
24.7528
24.7621
24.7624
24.7627
24.7629
24.772
24.7723
24.7725
24.7728
24.7814
24.7821
24.7823
24.7825
24.792
24.7955
24.7957
24.802
24.8023
24.8025
24.8028
24.8122
24.8124
24.8127
24.8129
24.8219
24.8223
24.8225
24.8227
24.8322
24.8325
24.8327
24.8329
24.8412
24.8421
24.8424
24.8426
24.8518
24.8522
24.8524
24.8527
24.8621
24.8623
24.8626
24.8628
24.872
24.8724
24.8726
24.8728
24.8821
24.8824
24.8826
24.8829
24.892
24.8923
24.8925
24.8927
24.902
24.9023
24.9026
24.9028
24.9116
24.9121
24.9124
24.9126
24.9212
24.9221
24.9225
24.9227
24.9318
24.9322
24.9325
24.9327
24.9443
24.9447
24.9449
24.9452
24.9526
24.9529
24.9532
24.9534
24.9629
24.9635
24.9637
24.964
24.9734
24.9737
24.974
24.9742
24.983
24.9836
24.9839
24.9842
24.9936
24.9939
24.994
24.9941
25.0034
25.0035
25.0035
25.0036
25.0134
25.0138
25.0141
25.0143
25.023
25.0236
25.024
25.0243
25.0333
25.0337
25.034
25.0342
25.0432
25.0436
25.0438
25.0441
25.053
25.0533
25.0539
25.054
25.0614
25.0637
25.0638
25.0639
25.0733
25.0736
25.074
25.0742
25.083
25.0834
25.0836
25.0839
25.0934
25.0939
25.0941
25.0942
25.1032
25.1035
25.1037
25.1038
25.1127
25.1133
25.1136
25.1138
25.1235
25.1238
25.1241
25.1244
25.1335
25.1338
25.1341
25.1343
25.1425
25.1429
25.1431
25.1432
25.1522
25.1531
25.1532
25.1533
25.1632
25.1635
25.1636
25.1637
25.1735
25.1739
25.1742
25.1744
25.1834
25.1843
25.1846
25.1849
25.1942
25.1946
25.1948
25.1951
25.2036
25.2041
25.2046
25.2048
25.2134
25.2138
25.2141
25.2143
25.2228
25.2233
25.2235
25.2235
25.233
25.2333
25.2334
25.2335
25.244
25.2443
25.2446
25.2448
25.254
25.2544
25.2546
25.2549
25.2632
25.2635
25.2637
25.264
25.2734
25.2738
25.2741
25.2744
25.2835
25.2842
25.2845
25.2848
25.2937
25.2941
25.2943
25.2946
25.3034
25.3037
25.304
25.3043
25.3123
25.3139
25.3143
25.3146
25.323
25.3235
25.3236
25.3238
25.3332
25.3336
25.3338
25.3341
25.3438
25.3441
25.3444
25.3445
25.354
25.3543
25.3546
25.3549
25.3634
25.3637
25.3639
25.364
25.3737
25.374
25.3742
25.3745
25.3837
25.3841
25.3843
25.3846
25.3927
25.3933
25.3934
25.3936
25.4034
25.404
25.4043
25.4046
25.4128
25.4129
25.4131
25.4132
25.4226
25.4227
25.4229
25.423
25.433
25.4342
25.4346
25.4348
25.4436
25.4439
25.4442
25.4444
25.4533
25.4543
25.4546
25.4548
25.4633
25.4637
25.4639
25.4641
25.474
25.4743
25.4745
25.4746
25.4819
25.4828
25.4831
25.4834
25.4926
25.4929
25.4932
25.4934
25.5041
25.5045
25.5047
25.505
25.514
25.5143
25.5146
25.5149
25.5238
25.5242
25.5246
25.5249
25.5327
25.5345
25.5348
25.5351
25.5425
25.5433
25.5437
25.5439
25.5526
25.553
25.5532
25.5535
25.5631
25.5637
25.5641
25.5643
25.573
25.5733
25.5735
25.5738
25.5816
25.5833
25.5836
25.5839
25.5936
25.5942
25.5945
25.5947
25.6036
25.6039
25.6041
25.6044
25.6128
25.6132
25.6134
25.6137
25.623
25.6234
25.6237
25.624
25.6327
25.633
25.6333
25.6336
25.6436
25.6439
25.6442
25.6444
25.6513
25.6536
25.6539
25.6542
25.6631
25.6635
25.6638
25.6641
25.6727
25.673
25.6733
25.6736
25.6826
25.6831
25.6835
25.6838
25.6925
25.6928
25.6935
25.6938
25.7031
25.7034
25.7037
25.7039
25.7132
25.7136
25.714
25.7143
25.7234
25.7237
25.724
25.7243
25.7332
25.7337
25.7339
25.7342
25.743
25.7433
25.7436
25.7439
25.7524
25.7531
25.7533
25.7534
25.7626
25.7627
25.7628
25.7629
25.7725
25.7727
25.7728
25.7729
25.7827
25.7829
25.783
25.7831
25.7923
25.7925
25.7927
25.7928
25.8029
25.8032
25.8035
25.8038
25.8134
25.8137
25.814
25.8142
25.8231
25.8236
25.8237
25.8238
25.8327
25.8342
25.8343
25.8345
25.8436
25.844
25.8443
25.8445
25.8526
25.8537
25.8543
25.8546
25.8624
25.8634
25.8637
25.864
25.8737
25.874
25.8743
25.8746
25.8834
25.8838
25.884
25.8843
25.8935
25.8939
25.8941
25.8944
25.9037
25.9041
25.9044
25.9047
25.9135
25.9138
25.914
25.9141
25.9238
25.9244
25.9247
25.925
25.9333
25.9338
25.9341
25.9345
25.9439
25.9443
25.9445
25.9448
25.9527
25.9533
25.9538
25.9541
25.9637
25.964
25.9643
25.9645
25.9733
25.9737
25.9739
25.9742
25.9827
25.9831
25.9838
25.984
25.994
25.9944
25.9947
25.995
26.0039
26.0043
26.0045
26.0048
26.0135
26.0138
26.0141
26.0144
26.0234
26.0239
26.0242
26.0245
26.0328
26.0336
26.0338
26.034
26.0433
26.044
26.0443
26.0446
26.0534
26.0537
26.0545
26.0548
26.0635
26.064
26.0643
26.0645
26.0733
26.0738
26.0741
26.0743
26.0831
26.0836
26.0839
26.0841
26.0939
26.0942
26.0945
26.0947
26.1031
26.1037
26.104
26.1042
26.113
26.1132
26.1134
26.1135
26.1224
26.1225
26.1227
26.1228
26.1317
26.1319
26.132
26.1321
26.1423
26.1428
26.143
26.1431
26.1528
26.1531
26.1532
26.1533
26.1626
26.1629
26.1631
26.1632
26.1725
26.1732
26.1735
26.1738
26.1832
26.1835
26.1838
26.1841
26.193
26.1935
26.1937
26.194
26.203
26.2033
26.2036
26.2038
26.213
26.214
26.2144
26.2148
26.2228
26.2232
26.2235
26.2238
26.2333
26.2334
26.2335
26.2336
26.2427
26.2428
26.2429
26.243
26.252
26.2534
26.2536
26.2539
26.2631
26.2633
26.2634
26.2636
26.272
26.273
26.2731
26.2732
26.283
26.2836
26.2838
26.2838
26.2927
26.2928
26.2929
26.293
26.303
26.3031
26.3032
26.3032
26.3124
26.3134
26.3136
26.3138
26.3225
26.3235
26.3237
26.3238
26.3328
26.3333
26.3334
26.3335
26.3426
26.3436
26.3438
26.3439
26.353
26.3534
26.3536
26.3539
26.3631
26.3634
26.3636
26.3637
26.3735
26.3738
26.374
26.3743
26.3824
26.3827
26.383
26.3832
26.3925
26.3927
26.3929
26.393
26.4025
26.4029
26.4032
26.4035
26.4124
26.4131
26.4135
26.4139
26.4229
26.4234
26.4235
26.4237
26.4331
26.4338
26.4339
26.434
26.4423
26.443
26.4434
26.4437
26.4532
26.4535
26.4538
26.454
26.4633
26.4637
26.464
26.4642
26.4732
26.4735
26.4738
26.474
26.484
26.4845
26.4848
26.485
26.4939
26.4942
26.4945
26.4947
26.5038
26.5041
26.5044
26.5046
26.514
26.5144
26.5146
26.5149
26.5228
26.523
26.5233
26.5238
26.5334
26.5337
26.534
26.5342
26.5424
26.5433
26.5436
26.5437
26.5523
26.5533
26.5536
26.5539
26.5631
26.5636
26.5641
26.5644
26.5734
26.5739
26.5742
26.5744
26.5837
26.5841
26.5844
26.5846
26.593
26.5932
26.5936
26.5938
26.6032
26.6035
26.6036
26.6037
26.6126
26.6131
26.6135
26.6137
26.6236
26.6239
26.624
26.6241
26.6334
26.6336
26.6338
26.6339
26.6428
26.6433
26.6435
26.6436
26.653
26.6533
26.6536
26.6539
26.6627
26.6636
26.6638
26.6641
26.6728
26.6738
26.6741
26.6743
26.6825
26.6827
26.683
26.6832
26.6929
26.6931
26.6934
26.6937
26.7026
26.7031
26.7035
26.7037
26.7127
26.7134
26.7136
26.7139
26.7232
26.7235
26.7239
26.7242
26.7335
26.7338
26.734
26.7343
26.7431
26.7436
26.7439
26.7442
26.7532
26.7535
26.7538
26.7539
26.7638
26.7641
26.7644
26.7646
26.7736
26.774
26.7742
26.7745
26.7828
26.7832
26.7835
26.7838
26.7927
26.7935
26.7938
26.7941
26.8027
26.8038
26.8041
26.8043
26.8137
26.8141
26.8144
26.8146
26.8243
26.8247
26.825
26.8252
26.8335
26.8339
26.8341
26.8344
26.8433
26.8436
26.8439
26.8441
26.8531
26.854
26.8543
26.8547
26.8634
26.8637
26.864
26.8642
26.8735
26.8739
26.8742
26.8744
26.8837
26.8842
26.8844
26.8845
26.8937
26.8939
26.894
26.8941
26.9026
26.903
26.9033
26.9035
26.9138
26.9142
26.9145
26.9147
26.9222
26.9237
26.924
26.9243
26.9325
26.9337
26.934
26.9343
26.9433
26.9445
26.9448
26.9451
26.9528
26.9535
26.9539
26.9541
26.963
26.9633
26.9635
26.9636
26.9734
26.9738
26.9741
26.9743
26.983
26.9833
26.9836
26.9838
26.993
26.9934
26.9936
26.9939
27.0035
27.0038
27.0041
27.0044
27.0135
27.014
27.0144
27.0146
27.0232
27.024
27.0243
27.0245
27.0336
27.034
27.0342
27.0345
27.0424
27.0434
27.0437
27.044
27.0535
27.0537
27.0538
27.054
27.0627
27.0632
27.0634
27.0636
27.0734
27.0744
27.0747
27.0749
27.0836
27.084
27.0843
27.0846
27.0931
27.0935
27.094
27.0943
27.1034
27.1037
27.1042
27.1045
27.1125
27.1134
27.1136
27.1136
27.125
27.1253
27.1256
27.1259
27.1329
27.1332
27.1335
27.1338
27.1423
27.1424
27.1432
27.1435
27.1532
27.1536
27.1539
27.1541
27.1641
27.1645
27.1647
27.165
27.1737
27.174
27.1743
27.1745
27.1834
27.1839
27.1841
27.1844
27.1936
27.1939
27.1942
27.1944
27.203
27.2032
27.2034
27.2035
27.213
27.2134
27.2137
27.214
27.2225
27.2229
27.2231
27.2232
27.2328
27.2336
27.2338
27.2339
27.2434
27.2437
27.2439
27.2442
27.2521
27.2531
27.2532
27.2534
27.2625
27.2633
27.2637
27.2637
27.2735
27.2737
27.2739
27.274
27.2839
27.2844
27.2847
27.285
27.2936
27.2939
27.2942
27.2944
27.303
27.3042
27.3046
27.3048
27.3135
27.3144
27.3147
27.3149
27.3229
27.3233
27.3238
27.3241
27.3331
27.3335
27.3337
27.334
27.3435
27.3438
27.3442
27.3444
27.3537
27.3541
27.3544
27.3547
27.363
27.3632
27.3634
27.3636
27.3729
27.3734
27.374
27.3743
27.3836
27.384
27.3843
27.3846
27.392
27.3929
27.3932
27.3933
27.4028
27.4031
27.4032
27.4034
27.4139
27.4143
27.4145
27.4148
27.424
27.4245
27.4248
27.4251
27.4335
27.434
27.4342
27.4345
27.4431
27.4436
27.4439
27.4441
27.4525
27.4529
27.4537
27.4541
27.4632
27.4637
27.4641
27.4644
27.4733
27.4738
27.4741
27.4744
27.4835
27.484
27.4843
27.4845
27.4938
27.4941
27.4944
27.4946
27.5028
27.5031
27.5034
27.5036
27.5124
27.5127
27.513
27.5132
27.5236
27.524
27.5244
27.5247
27.5334
27.5339
27.5343
27.5345
27.5434
27.5438
27.5441
27.5443
27.5524
27.5533
27.5536
27.5538
27.5638
27.5641
27.5644
27.5646
27.5723
27.574
27.5741
27.5742
27.5834
27.5839
27.5841
27.5844
27.5935
27.5937
27.5938
27.594
27.6038
27.6041
27.6044
27.6047
27.6133
27.614
27.6144
27.6147
27.6234
27.6239
27.6241
27.6244
27.6334
27.6341
27.6343
27.6346
27.6433
27.6435
27.6436
27.6437
27.6529
27.6534
27.6537
27.6539
27.663
27.6634
27.6636
27.6639
27.6733
27.6737
27.674
27.6742
27.6833
27.6836
27.6839
27.6842
27.6925
27.6928
27.6931
27.6933
27.7016
27.702
27.7023
27.7025
27.7119
27.7126
27.7129
27.7131
27.7231
27.7235
27.7237
27.724
27.7335
27.7339
27.7341
27.7344
27.7427
27.7431
27.7434
27.7436
27.7534
27.7537
27.7548
27.7551
27.7639
27.7643
27.7646
27.7649
27.7742
27.7746
27.7748
27.7751
27.783
27.7848
27.7851
27.7854
27.7936
27.7939
27.7941
27.7944
27.8029
27.8033
27.8036
27.8039
27.814
27.8144
27.8146
27.8149
27.8229
27.8233
27.8236
27.8238
27.8328
27.8329
27.8331
27.8331
27.8424
27.8425
27.8431
27.8432
27.8522
27.8527
27.8529
27.853
27.8626
27.8639
27.8642
27.8644
27.8738
27.8742
27.8744
27.8747
27.8834
27.8835
27.8836
27.8836
27.8921
27.8923
27.8925
27.8925
27.9022
27.9024
27.9026
27.9027
27.9122
27.9123
27.9124
27.9125
27.9226
27.9229
27.9232
27.9234
27.9323
27.9327
27.933
27.9333
27.9427
27.943
27.9433
27.9436
27.9531
27.9534
27.9537
27.9539
27.963
27.9633
27.9635
27.9638
27.973
27.9733
27.9736
27.9739
27.9829
27.9833
27.9836
27.9839
27.992
27.9924
27.9926
27.9929
28.0027
28.003
28.0033
28.0036
28.0142
28.0146
28.0149
28.0151
28.0235
28.0237
28.0239
28.024
28.0336
28.034
28.0342
28.0345
28.0428
28.0435
28.0436
28.0439
28.0529
28.0533
28.0535
28.0536
28.0614
28.0624
28.0628
28.063
28.0727
28.0738
28.0741
28.0744
28.0831
28.0836
28.0838
28.084
28.093
28.0937
28.0939
28.0941
28.103
28.1034
28.1036
28.1039
28.113
28.1139
28.1142
28.1145
28.1233
28.1237
28.1239
28.1242
28.1323
28.133
28.1333
28.1335
28.1426
28.1436
28.1439
28.1442
28.1529
28.1533
28.1537
28.154
28.1632
28.1634
28.1636
28.1637
28.1733
28.1741
28.1744
28.1746
28.1838
28.1841
28.1846
28.1848
28.1939
28.1943
28.1946
28.1949
28.2029
28.2033
28.2034
28.2039
28.2127
28.2138
28.2143
28.2145
28.2228
28.224
28.2242
28.2245
28.2332
28.2335
28.2338
28.234
28.2415
28.2419
28.2421
28.2424
28.2513
28.2516
28.2518
28.2521
28.2615
28.2619
28.2621
28.2623
28.2715
28.2718
28.2721
28.2723
28.2815
28.2818
28.282
28.2822
28.2918
28.2921
28.2923
28.2925
28.3018
28.3021
28.3023
28.3026
28.3118
28.3121
28.3124
28.3126
28.3222
28.3225
28.3227
28.3229
28.3319
28.3323
28.3326
28.3328
28.3418
28.3421
28.3423
28.3425
28.3516
28.3519
28.3521
28.3523
28.362
28.3624
28.3626
28.3628
28.3717
28.372
28.3724
28.3726
28.3818
28.3821
28.3824
28.3826
28.3919
28.3922
28.3925
28.3927
28.4021
28.4024
28.4026
28.4028
28.4121
28.4124
28.4126
28.4128
28.422
28.4223
28.4225
28.4228
28.4317
28.4321
28.4325
28.4327
28.4419
28.4422
28.4424
28.4426
28.4522
28.4525
28.4527
28.4529
28.4621
28.4624
28.4626
28.4628
28.4719
28.4722
28.4725
28.4727
28.482
28.4823
28.4826
28.4828
28.4919
28.4923
28.4925
28.4927
28.5016
28.5021
28.5024
28.5026
28.5118
28.5122
28.5124
28.5126
28.5219
28.5222
28.5224
28.5227
28.5318
28.5321
28.5323
28.5325
28.542
28.5423
28.5426
28.5428
28.5517
28.5521
28.5524
28.5526
28.5619
28.5623
28.5625
28.5627
28.572
28.5724
28.5726
28.5729
28.5815
28.5822
28.5825
28.5827
28.5918
28.5922
28.5924
28.5927
28.602
28.6023
28.6025
28.6027
28.6117
28.6121
28.6124
28.6126
28.6214
28.6221
28.6224
28.6227
28.6319
28.6322
28.6324
28.6327
28.642
28.6423
28.6426
28.6428
28.6519
28.6522
28.6525
28.6527
28.6616
28.662
28.6622
28.6625
28.6719
28.6722
28.6725
28.6727
28.682
28.6823
28.6825
28.6828
28.6921
28.6924
28.6926
28.6929
28.702
28.7023
28.7025
28.7027
28.7111
28.712
28.7124
28.7126
28.7218
28.7222
28.7224
28.7226
28.7321
28.7324
28.7326
28.7328
28.7419
28.7422
28.7425
28.7427
28.7521
28.7524
28.7527
28.7529
28.7619
28.7623
28.7625
28.7627
28.772
28.7723
28.7726
28.7818
28.7821
28.7824
28.7826
28.7918
28.7925
28.7928
28.793
28.8019
28.8023
28.8025
28.8027
28.8119
28.8122
28.8125
28.8127
28.8221
28.8225
28.8227
28.823
28.8317
28.8319
28.832
28.8321
28.8418
28.8421
28.8423
28.8425
28.8517
28.852
28.8523
28.8525
28.8616
28.8618
28.8618
28.8619
28.8713
28.8717
28.8719
28.8815
28.8818
28.882
28.8822
28.8911
28.8917
28.8919
28.8922
28.9017
28.9018
28.9019
28.902
28.9115
28.9117
28.912
28.9122
28.9213
28.9214
28.9215
28.9216
28.9315
28.9318
28.9321
28.9323
28.9416
28.9419
28.9421
28.9423
28.9513
28.9516
28.9519
28.9521
28.9614
28.9618
28.962
28.9623
28.9714
28.9718
28.972
28.9723
28.9813
28.9817
28.9819
28.9821
28.9916
28.9919
28.9921
28.9924
29.0013
29.0016
29.0019
29.0021
29.0116
29.0118
29.0118
29.0119
29.0213
29.0216
29.0219
29.0221
29.0312
29.0317
29.0319
29.0322
29.0414
29.0418
29.042
29.0422
29.051
29.0517
29.052
29.0522
29.0613
29.0615
29.0617
29.0619
29.0716
29.0718
29.0719
29.0719
29.0816
29.0818
29.0819
29.082
29.0917
29.0919
29.092
29.092
29.1017
29.102
29.1023
29.1025
29.1112
29.1119
29.1122
29.1124
29.1217
29.122
29.1223
29.1225
29.1314
29.1321
29.1324
29.1327
29.1421
29.1424
29.1426
29.1429
29.1518
29.1523
29.1526
29.1528
29.1618
29.1621
29.1624
29.1626
29.1715
29.1722
29.1724
29.1726
29.1819
29.1822
29.1826
29.1828
29.192
29.1923
29.1925
29.1928
29.2019
29.2023
29.2025
29.2027
29.2118
29.2126
29.2128
29.2131
29.222
29.2223
29.2225
29.2227
29.2321
29.2324
29.2326
29.2328
29.242
29.2423
29.2425
29.2428
29.252
29.2524
29.2526
29.2528
29.2621
29.2624
29.2626
29.2628
29.272
29.2723
29.2725
29.2727
29.2817
29.2821
29.2824
29.2826
29.2917
29.2922
29.2924
29.2926
29.3021
29.3024
29.3027
29.3029
29.3118
29.3121
29.3124
29.3126
29.3221
29.3224
29.3226
29.3228
29.332
29.3323
29.3325
29.3327
29.3418
29.3422
29.3424
29.3427
29.352
29.3523
29.3525
29.3527
29.3618
29.3622
29.3625
29.3627
29.3721
29.3724
29.3726
29.3729
29.382
29.3823
29.3826
29.3828
29.3921
29.3924
29.3927
29.3929
29.4018
29.4021
29.4024
29.4026
29.412
29.4123
29.4126
29.4128
29.4221
29.4223
29.4226
29.4228
29.4314
29.4318
29.4321
29.4324
29.4417
29.4424
29.4427
29.4429
29.4518
29.4521
29.4523
29.4526
29.4619
29.4623
29.4625
29.4628
29.4719
29.4723
29.4725
29.4727
29.482
29.4823
29.4825
29.4828
29.4918
29.4922
29.4925
29.4927
29.5022
29.5025
29.5027
29.5029
29.512
29.5123
29.5125
29.5128
29.522
29.5223
29.5226
29.5228
29.532
29.5323
29.5325
29.5327
29.5421
29.5424
29.5427
29.5429
29.5519
29.5522
29.5524
29.5526
29.5621
29.5624
29.5626
29.5628
29.5723
29.5726
29.5728
29.573
29.5817
29.5822
29.5825
29.5827
29.5921
29.5924
29.5927
29.5929
29.6018
29.6021
29.6023
29.6026
29.6119
29.6122
29.6125
29.6127
29.6213
29.6222
29.6225
29.6227
29.632
29.6324
29.6326
29.6328
29.6418
29.6422
29.6425
29.6427
29.6521
29.6524
29.6526
29.6529
29.6619
29.6622
29.6625
29.6627
29.6717
29.6722
29.6725
29.6727
29.682
29.6823
29.6825
29.6827
29.6919
29.6923
29.6926
29.6928
29.702
29.7024
29.7026
29.7028
29.712
29.7124
29.7126
29.7128
29.7221
29.7224
29.7226
29.7228
29.7321
29.7324
29.7326
29.7328
29.7416
29.7423
29.7425
29.7428
29.7519
29.7523
29.7525
29.7527
29.762
29.7624
29.7626
29.7628
29.7722
29.7725
29.7727
29.7729
29.7821
29.7824
29.7826
29.7828
29.792
29.7923
29.7925
29.7927
29.802
29.8023
29.8026
29.8028
29.812
29.8124
29.8126
29.8128
29.8221
29.8224
29.8227
29.8229
29.8318
29.8322
29.8324
29.8327
29.8421
29.8424
29.8426
29.8429
29.8522
29.8525
29.8527
29.8529
29.8616
29.8622
29.8625
29.8627
29.8719
29.8722
29.8724
29.8727
29.882
29.8823
29.8825
29.8827
29.8916
29.892
29.8923
29.8926
29.9021
29.9024
29.9027
29.9029
29.9116
29.9122
29.9125
29.9128
29.9221
29.9224
29.9226
29.9228
29.9317
29.9326
29.9329
29.9332
29.9421
29.9424
29.9427
29.9429
29.9516
29.9522
29.9524
29.9527
29.9612
29.9622
29.9625
29.9627
29.9719
29.9723
29.9725
29.9727
29.9819
29.9822
29.9824
29.9827
29.9919
29.9922
29.9924
29.9926
30.0018
30.0025
30.0027
30.003
30.0118
30.0123
30.0125
30.0127
30.0221
30.0224
30.0226
30.0229
30.0319
30.0324
30.0327
30.0329
30.0416
30.0419
30.0421
30.0423
30.0517
30.052
30.0522
30.0524
30.0618
30.0621
30.0623
30.0625
30.0715
30.0718
30.072
30.0723
30.0821
30.0824
30.0826
30.0828
30.092
30.0923
30.0926
30.0928
30.1021
30.1024
30.1026
30.1029
30.1117
30.112
30.1123
30.1125
30.1219
30.1222
30.1224
30.1226
30.1319
30.1323
30.1326
30.1328
30.1414
30.1422
30.1424
30.1427
30.1519
30.1522
30.1525
30.1527
30.1619
30.1622
30.1624
30.1626
30.1717
30.1721
30.1724
30.1726
30.1818
30.1821
30.1823
30.1825
30.1913
30.192
30.1923
30.1925
30.202
30.2024
30.2027
30.2029
30.2116
30.212
30.2123
30.2125
30.222
30.2223
30.2225
30.2228
30.2318
30.2324
30.2327
30.2329
30.2417
30.2422
30.2425
30.2428
30.2522
30.2525
30.2527
30.2529
30.2621
30.2624
30.2626
30.2628
30.272
30.2723
30.2725
30.2728
30.2818
30.2822
30.2825
30.2827
30.2919
30.2923
30.2925
30.2927
30.3019
30.3023
30.3025
30.3027
30.3119
30.3122
30.3124
30.3126
30.3219
30.3222
30.3224
30.3227
30.3317
30.3321
30.3324
30.3326
30.3413
30.3422
30.3425
30.3428
30.3521
30.3523
30.3526
30.3528
30.3618
30.3621
30.3623
30.3626
30.3718
30.3721
30.3723
30.3725
30.3821
30.3824
30.3827
30.3829
30.3921
30.3924
30.3926
30.3928
30.402
30.4023
30.4026
30.4028
30.4119
30.4122
30.4124
30.4126
30.422
30.4223
30.4225
30.4228
30.4315
30.4321
30.4324
30.4326
30.4422
30.4425
30.4428
30.443
30.4519
30.4523
30.4525
30.4527
30.4619
30.4622
30.4624
30.4626
30.4718
30.4722
30.4724
30.4726
30.4821
30.4824
30.4827
30.4829
30.4919
30.4922
30.4925
30.4927
30.5021
30.5024
30.5026
30.5028
30.5121
30.5124
30.5126
30.5128
30.522
30.5223
30.5225
30.5227
30.5318
30.5322
30.5324
30.5327
30.5421
30.5424
30.5426
30.5428
30.552
30.5523
30.5525
30.5528
30.5618
30.5622
30.5624
30.5626
30.5715
30.5722
30.5725
30.5727
30.582
30.5823
30.5825
30.5827
30.5917
30.5924
30.5927
30.5929
30.6019
30.6022
30.6025
30.6027
30.6121
30.6124
30.6126
30.6128
30.622
30.6224
30.6226
30.6228
30.632
30.6324
30.6326
30.6328
30.6419
30.6423
30.6425
30.6518
30.6521
30.6524
30.6526
30.662
30.6623
30.6625
30.6628
30.6722
30.6725
30.6727
30.6729
30.6818
30.6822
30.6825
30.6827
30.6921
30.6924
30.6926
30.6929
30.702
30.7023
30.7026
30.7028
30.7118
30.7124
30.7127
30.7129
30.722
30.7223
30.7225
30.7228
30.732
30.7324
30.7326
30.7328
30.7421
30.7425
30.7427
30.7429
30.7519
30.7522
30.7524
30.7526
30.7618
30.7622
30.7624
30.7627
30.7718
30.7721
30.7724
30.7726
30.782
30.7824
30.7826
30.7828
30.792
30.7923
30.7926
30.7928
30.8019
30.8023
30.8026
30.8028
30.8119
30.8122
30.8125
30.8127
30.822
30.8223
30.8225
30.8227
30.832
30.8323
30.8326
30.8328
30.8417
30.8421
30.8424
30.8427
30.8519
30.8522
30.8524
30.8527
30.8618
30.8622
30.8624
30.8626
30.8718
30.8722
30.8725
30.8727
30.8818
30.8822
30.8824
30.8826
30.8918
30.8921
30.8924
30.8926
30.9019
30.9022
30.9025
30.9027
30.912
30.9123
30.9126
30.9128
30.922
30.9222
30.9225
30.9227
30.9321
30.9324
30.9327
30.9329
30.9419
30.9423
30.9425
30.9427
30.9517
30.952
30.9523
30.9526
30.9622
30.9625
30.9627
30.9629
30.9722
30.9725
30.9728
30.973
30.982
30.9823
30.9825
30.9828
30.9921
30.9924
30.9926
30.9928
31.0015
31.0022
31.0025
31.0027
31.0119
31.0124
31.0127
31.0129
31.0219
31.0223
31.0225
31.0228
31.0319
31.0323
31.0325
31.0327
31.0419
31.0422
31.0425
31.0427
31.0517
31.0522
31.0525
31.0527
31.062
31.0623
31.0626
31.0628
31.072
31.0724
31.0726
31.0728
31.0819
31.0822
31.0825
31.0827
31.0921
31.0924
31.0926
31.0928
31.1018
31.1021
31.1023
31.1025
31.1119
31.1122
31.1125
31.1127
31.1219
31.1223
31.1225
31.1228
31.1319
31.1322
31.1324
31.1327
31.1421
31.1424
31.1426
31.1428
31.1519
31.1522
31.1524
31.1527
31.162
31.1623
31.1625
31.1627
31.1716
31.1719
31.1721
31.1724
31.1817
31.182
31.1823
31.1825
31.1919
31.1922
31.1924
31.1927
31.2017
31.2021
31.2023
31.2026
31.2119
31.2122
31.2125
31.2127
31.2221
31.2225
31.2227
31.2229
31.2321
31.2325
31.2327
31.2329
31.2412
31.2419
31.2421
31.2424
31.2515
31.2518
31.252
31.2522
31.2612
31.2616
31.2618
31.2621
31.2715
31.2718
31.272
31.2722
31.2814
31.2815
31.2816
31.2818
31.2912
31.2916
31.2917
31.2918
31.3014
31.3016
31.3018
31.3019
31.3116
31.3117
31.3118
31.3118
31.3218
31.3221
31.3223
31.3225
31.3317
31.3325
31.3328
31.333
31.3421
31.3424
31.3426
31.3428
31.3515
31.3521
31.3524
31.3526
31.3619
31.3623
31.3626
31.3628
31.3722
31.3725
31.3727
31.3729
31.382
31.3824
31.3826
31.3828
31.3919
31.3923
31.3925
31.3927
31.4019
31.4023
31.4025
31.4027
31.4119
31.4122
31.4125
31.4127
31.4218
31.4222
31.4224
31.4226
31.4317
31.4321
31.4324
31.4326
31.4419
31.4422
31.4424
31.4518
31.4522
31.4524
31.4526
31.4617
31.4622
31.4625
31.4627
31.472
31.4723
31.4725
31.4727
31.4819
31.4823
31.4825
31.4827
31.4919
31.4923
31.4926
31.4928
31.5012
31.5021
31.5025
31.5027
31.512
31.5123
31.5126
31.5128
31.5219
31.5223
31.5225
31.5227
31.5319
31.5322
31.5324
31.5327
31.5419
31.5422
31.5424
31.5426
31.5522
31.5525
31.5527
31.5529
31.562
31.5623
31.5625
31.5627
31.5721
31.5724
31.5726
31.5729
31.5819
31.5822
31.5825
31.5827
31.5919
31.5923
31.5925
31.5927
31.6018
31.6022
31.6024
31.6026
31.6119
31.6122
31.6124
31.6126
31.6218
31.6221
31.6224
31.6226
31.6318
31.6322
31.6324
31.6327
31.6421
31.6424
31.6426
31.6428
31.6519
31.6522
31.6524
31.6526
31.6618
31.6621
31.6624
31.6626
31.672
31.6724
31.6726
31.6728
31.6819
31.6822
31.6825
31.6827
31.6921
31.6925
31.6927
31.6929
31.7019
31.7022
31.7025
31.7027
31.712
31.7123
31.7126
31.7128
31.722
31.7223
31.7225
31.7227
31.732
31.7323
31.7326
31.7328
31.7421
31.7424
31.7426
31.7428
31.7524
31.7527
31.7529
31.7532
31.7618
31.7621
31.7624
31.7626
31.772
31.7723
31.7726
31.7728
31.7819
31.7822
31.7825
31.7827
31.792
31.7923
31.7925
31.7927
31.8016
31.802
31.8022
31.8025
31.8119
31.8122
31.8124
31.8126
31.822
31.8223
31.8226
31.8228
31.8319
31.8323
31.8327
31.8329
31.8416
31.8422
31.8425
31.8428
31.852
31.8523
31.8525
31.8527
31.8619
31.8623
31.8626
31.8628
31.8718
31.8722
31.8725
31.8727
31.8815
31.882
31.8823
31.8826
31.8917
31.8922
31.8924
31.8926
31.902
31.9023
31.9025
31.9028
31.9122
31.9125
31.9127
31.913
31.9216
31.9223
31.9226
31.9228
31.9316
31.932
31.9324
31.9326
31.9415
31.9423
31.9427
31.9429
31.9521
31.9524
31.9526
31.9528
31.9618
31.9622
31.9624
31.9627
31.972
31.9723
31.9725
31.9727
31.9819
31.9823
31.9825
31.9827
31.9921
31.9924
31.9926
31.9928
32.002
32.0023
32.0025
32.0027
32.0119
32.0122
32.0125
32.0127
32.0221
32.0224
32.0227
32.0229
32.0318
32.0321
32.0323
32.0326
32.0419
32.0423
32.0426
32.0428
32.052
32.0523
32.0525
32.0527
32.0618
32.0622
32.0625
32.0627
32.0723
32.0725
32.0728
32.073
32.0819
32.0822
32.0824
32.0827
32.0918
32.0922
32.0924
32.0926
32.1019
32.1024
32.1027
32.1029
32.1123
32.1125
32.1128
32.113
32.1219
32.1222
32.1225
32.1227
32.1321
32.1324
32.1326
32.1328
32.142
32.1424
32.1426
32.1428
32.1517
32.152
32.1523
32.1525
32.1619
32.1622
32.1624
32.1626
32.1721
32.1724
32.1726
32.1729
32.1818
32.1822
32.1825
32.1827
32.1921
32.1924
32.1926
32.1929
32.2019
32.2023
32.2025
32.2027
32.212
32.2123
32.2126
32.2128
32.2222
32.2225
32.2227
32.2229
32.232
32.2323
32.2325
32.2327
32.2419
32.2422
32.2425
32.2427
32.2519
32.2522
32.2525
32.2527
32.2619
32.2623
32.2625
32.2628
32.2719
32.2722
32.2725
32.2727
32.2821
32.2824
32.2826
32.2828
32.292
32.2923
32.2926
32.2928
