0	0	0	0	0	0	0	0	0	0	0	0	0	0
0	0	0	0	0	0	0	0	0	0	0	0	0	0
0	0	0	0	0	0	0	0	0	0	0	0	0	0
0	0	0	0	0	0	0	0	0	0	0	0	0	0
0	0	0	0	0	0	0	0	0	0	0	0	0	0
0	0	0	0	0	0	0	0	0	0	0	0	0	0
0	0	0	0	0	0	0	0	0	0	0	0	0	0
0	3.54E-16	-1.02E-07	-3.99E-07	1.27E-13	0	0	0	0	0	-9.32E-14	0	0	0
0	3.54E-16	-1.02E-07	-3.99E-07	1.27E-13	0	0	0	0	0	-9.32E-14	0	0	0
0	3.54E-16	-1.02E-07	-3.99E-07	1.27E-13	0	0	0	0	0	-9.32E-14	0	0	0
0	3.54E-16	-1.02E-07	-3.99E-07	1.27E-13	0	0	0	0	0	-9.32E-14	0	0	0
0	0.059069737	0.007168009	-0.000931958	-0.143846818	0	0	0.019407317	-0.005551059	-0.000868854	-0.07664096	0	0	0
0	0.233015624	0.02848914	-0.003858695	-0.568162826	0	0	0.076741132	-0.022087248	-0.003424136	-0.303721899	0	0	0
0	0.514513487	0.063678494	-0.009190473	-1.257168832	0	0	0.169773466	-0.04945053	-0.007549244	-0.675215499	0	0	0
0	0.891144843	0.112445183	-0.017575495	-2.184590369	0	0	0.295220773	-0.087505195	-0.013079195	-1.183024725	0	0	0
0	1.353459115	0.174497266	-0.029859092	-3.330562258	0	0	0.447196174	-0.136137249	-0.019809229	-1.813723093	0	0	0
0	1.888026881	0.249553544	-0.047016275	-4.667040535	0	0	0.622972512	-0.195252182	-0.027497106	-2.560636744	0	0	0
0	2.482483142	0.337349554	-0.070109706	-6.168378637	0	0	0.816597917	-0.264775846	-0.035875754	-3.410439003	0	0	0
0	3.125162188	0.437642887	-0.100247349	-7.810554799	0	0	1.022809538	-0.34465225	-0.044656973	-4.35134893	0	0	0
0	3.80539376	0.550217348	-0.138550358	-9.571792528	0	0	1.236411052	-0.434842949	-0.053537955	-5.371816398	0	0	0
0	4.513618372	0.674886013	-0.186128924	-11.43280497	0	0	1.452398025	-0.535326477	-0.062206302	-6.460778566	0	0	0
0	5.241369385	0.811491404	-0.244063779	-13.3767559	0	0	1.666037392	-0.646096274	-0.070343954	-7.60781119	0	0	0
0	5.981198423	0.959907668	-0.313393519	-15.38911115	0	0	1.872916443	-0.767160731	-0.077630418	-8.803229975	0	0	0
0	6.726549505	1.120039493	-0.395104312	-17.45737442	0	0	2.068960063	-0.898540888	-0.083745001	-10.03811079	0	0	0
0	7.471632602	1.29182277	-0.49012288	-19.57082814	0	0	2.250432014	-1.040269629	-0.088368462	-11.30428623	0	0	0
0	8.211300275	1.475225569	-0.599311655	-21.72028228	0	0	2.413923302	-1.192391135	-0.091184032	-12.5943166	0	0	0
0	8.940923471	1.670246542	-0.723463726	-23.89781272	0	0	2.556330479	-1.354958073	-0.091877862	-13.90142592	0	0	0
0	9.65629824	1.876917859	-0.86330141	-26.09657878	0	0	2.674834161	-1.528032346	-0.0901391	-15.21946049	0	0	0
0	10.3535435	2.095302285	-1.019471804	-28.31060152	0	0	2.766872062	-1.71168071	-0.085659574	-16.54280438	0	0	0
0	11.02953841	2.325489437	-1.192575039	-30.53571458	0	0	2.830117462	-1.905976627	-0.078133131	-17.86634502	0	0	0
0	11.6793599	2.567638342	-1.383028313	-32.76411132	0	0	2.862455609	-2.110997282	-0.067254691	-19.18540496	0	0	0
0	12.30118031	2.821891002	-1.591331234	-34.99476582	0	0	2.861964014	-2.326819918	-0.052719236	-20.4956784	0	0	0
0	12.89131492	3.088463363	-1.817805251	-37.22291254	0	0	2.826895849	-2.553523644	-0.034220269	-21.79320825	0	0	0
0	13.44659557	3.367603742	-2.062723929	-39.44509496	0	0	2.755664643	-2.791185724	-0.01144835	-23.07433318	0	0	0
0	13.96387361	3.659600363	-2.326288569	-41.65810026	0	0	2.646833374	-3.03987705	0.015910285	-24.33564046	0	0	0
0	14.43999427	3.964789026	-2.608635841	-43.85892473	0	0	2.499103558	-3.299663912	0.048175838	-25.57395799	0	0	0
0	14.87176825	4.283553463	-2.909840816	-46.04470458	0	0	2.311307845	-3.570603273	0.085676572	-26.78631624	0	0	0
0	15.2559495	4.616325015	-3.229920404	-48.21265412	0	0	2.082406584	-3.852737167	0.128750149	-27.9699155	0	0	0
0	15.5892277	4.963590933	-3.568846749	-50.36006773	0	0	1.811480474	-4.146094214	0.177745982	-29.12212917	0	0	0
0	15.86821107	5.325892943	-3.926553526	-52.48426096	0	0	1.49773006	-4.450682791	0.233026354	-30.24047415	0	0	0
0	16.08941955	5.703831109	-4.302949836	-54.58255388	0	0	1.140653736	-4.766486179	0.294973122	-31.32299139	0	0	0
0	16.24927679	6.098060218	-4.697929817	-56.65221949	0	0	0.739148751	-5.093467879	0.36396294	-32.36630101	0	0	0
0	16.34411174	6.509296214	-5.111396008	-58.69049672	0	0	0.293395234	-5.431544673	0.440421904	-33.36964083	0	0	0
0	16.37015699	6.938310948	-5.543275544	-60.69454867	0	0	-0.19697468	-5.780605961	0.52477472	-34.3309461	0	0	0
0	16.32355433	7.385923606	-5.993538198	-62.6614242	0	0	-0.733134333	-6.140514576	0.617432281	-35.24626896	0	0	0
0	16.2003645	7.853000678	-6.46222916	-64.58807476	0	0	-1.31402585	-6.511051034	0.71888726	-36.1162993	0	0	0
0	15.99658008	8.340440582	-6.949493356	-66.47131905	0	0	-1.940034541	-6.891973162	0.829598859	-36.93849752	0	0	0
0	15.70814802	8.849152055	-7.455601461	-68.30781248	0	0	-2.611004483	-7.282971694	0.950050522	-37.71131285	0	0	0
0	15.33099201	9.3800395	-7.980991476	-70.09406996	0	0	-3.326663447	-7.683680115	1.080736539	-38.43331618	0	0	0
0	14.86104605	9.933967863	-8.526298994	-71.82644164	0	0	-4.086618003	-8.093667277	1.222157781	-39.10319545	0	0	0
0	14.29495526	10.511649	-9.092488612	-73.50261469	0	0	-4.890346778	-8.512430038	1.374816163	-39.71975441	0	0	0
0	13.62787702	11.11382813	-9.680550492	-75.11647145	0	0	-5.737215296	-8.939397713	1.539212301	-40.28192919	0	0	0
0	12.85647601	11.74092298	-10.29197525	-76.66484857	0	0	-6.626468945	-9.373925184	1.715838318	-40.78878505	0	0	0
0	11.97724831	12.39312383	-10.92851111	-78.14354652	0	0	-7.557237727	-9.815293054	1.905172106	-41.23952359	0	0	0
0	10.98697864	13.07027458	-11.59224018	-79.54825963	0	0	-8.528545353	-10.26271039	2.107671913	-41.63349	0	0	0
0	9.882844961	13.77176123	-12.28556015	-80.87457124	0	0	-9.539289639	-10.71530528	2.323764398	-41.97016903	0	0	0
0	8.662470926	14.49643312	-13.01118631	-82.11804061	0	0	-10.58828159	-11.17214345	2.553844592	-42.24920378	0	0	0
0	7.324043513	15.24248001	-13.77208976	-83.2742147	0	0	-11.67422731	-11.63222146	2.798263803	-42.47039039	0	0	0
0	5.866407919	16.00733159	-14.57142593	-84.33869151	0	0	-12.79573885	-12.09447467	3.057323549	-42.63368448	0	0	0
0	4.289172263	16.7875631	-15.41242593	-85.30718349	0	0	-13.95133973	-12.55778374	3.331268623	-42.73920452	0	0	0
0	2.592804107	17.57882598	-16.29825771	-86.17559346	0	0	-15.13947778	-13.02098518	3.620282427	-42.7872348	0	0	0
0	0.778778247	18.37578592	-17.23182493	-86.94007144	0	0	-16.3585024	-13.48286916	3.924474236	-42.77822689	0	0	0
0	-1.150381265	19.17215093	-18.21558704	-87.5971261	0	0	-17.60671283	-13.94220591	4.243884639	-42.71280292	0	0	0
0	-3.190967405	19.96070543	-19.25130332	-88.14368419	0	0	-18.88233561	-14.39774521	4.578474858	-42.59175523	0	0	0
0	-5.338021057	20.73342901	-20.33979218	-88.5771734	0	0	-20.1835371	-14.84823025	4.928125689	-42.41604739	0	0	0
0	-7.585275318	21.48167505	-21.4806924	-88.89559245	0	0	-21.50842859	-15.29240895	5.292636006	-42.18681427	0	0	0
0	-9.925146859	22.19641585	-22.6722603	-89.09757091	0	0	-22.8550793	-15.72904793	5.671724867	-41.90536006	0	0	0
0	-12.34870016	22.86851955	-23.91118314	-89.18240919	0	0	-24.22148856	-16.15693335	6.065023529	-41.57316483	0	0	0
0	-14.84580547	23.4891061	-25.19253878	-89.15011241	0	0	-25.60563805	-16.5748972	6.472091452	-41.19187396	0	0	0
0	-17.40521925	24.0498745	-26.50977786	-89.00139224	0	0	-27.00546329	-16.98181691	6.89241107	-40.76330402	0	0	0
0	-20.01479842	24.54343981	-27.85484502	-88.73765607	0	0	-28.41886465	-17.37662712	7.325394904	-40.28944103	0	0	0
0	-22.66176286	24.96362729	-29.21839732	-88.36097587	0	0	-29.84370979	-17.75832782	7.770391529	-39.7724405	0	0	0
0	-25.33302491	25.30570597	-30.59012324	-87.87403692	0	0	-31.27784407	-18.12599351	8.226695223	-39.21462456	0	0	0
0	-28.01547183	25.56653286	-31.95909045	-87.28008851	0	0	-32.71905754	-18.47877027	8.693542688	-38.61849672	0	0	0
0	-30.69641673	25.74462776	-33.31421392	-86.58285482	0	0	-34.16513683	-18.81589337	9.170137638	-37.98672383	0	0	0
0	-33.36387264	25.84013798	-34.64464513	-85.7864684	0	0	-35.61383091	-19.13668169	9.655648678	-37.32215195	0	0	0
0	-36.00686324	25.85473359	-35.94017101	-84.89538805	0	0	-37.06285879	-19.44054184	10.14922092	-36.62780689	0	0	0
0	-38.61565472	25.79143539	-37.19154457	-83.91432078	0	0	-38.50990807	-19.72696903	10.649985	-35.9068989	0	0	0
0	-41.18191188	25.65439771	-38.390736	-82.84814843	0	0	-39.95263274	-19.99554673	11.157066	-35.16282832	0	0	0
0	-43.6987892	25.44866545	-39.53110143	-81.70185389	0	0	-41.3882133	-20.24593328	11.66959991	-34.40013976	0	0	0
0	-46.16087165	25.17993286	-40.6074302	-80.48049064	0	0	-42.81539225	-20.47791728	12.18670773	-33.62011725	0	0	0
0	-48.56419986	24.85430097	-41.61598079	-79.18909255	0	0	-44.23082679	-20.69131049	12.70756138	-32.82866169	0	0	0
0	-50.90609401	24.47807028	-42.55438368	-77.83266111	0	0	-45.63199217	-20.88602949	13.23134636	-32.03002767	0	0	0
0	-53.18501836	24.05755853	-43.421531	-76.41612839	0	0	-47.01631659	-21.0620663	13.75728162	-31.22868615	0	0	0
0	-55.40041094	23.59895382	-44.21742855	-74.94433541	0	0	-48.38117733	-21.21948437	14.28462579	-30.42933087	0	0	0
0	-57.55251976	23.1081989	-44.94303654	-73.42200924	0	0	-49.72495895	-21.35844059	14.81268006	-29.63463773	0	0	0
0	-59.64258667	22.59093704	-45.60009144	-71.85288363	0	0	-51.04344268	-21.47909031	15.34080104	-28.85289465	0	0	0
0	-61.67096545	22.05237674	-46.19095019	-70.24366473	0	0	-52.33437642	-21.58170107	15.86839686	-28.08834758	0	0	0
0	-63.63994101	21.49738588	-46.71846294	-68.59732757	0	0	-53.59487925	-21.66658139	16.39493388	-27.34667141	0	0	0
0	-65.551336	20.93039317	-47.18581927	-66.91822457	0	0	-54.82200692	-21.73409232	16.91993959	-26.63377528	0	0	0
0	-67.40706546	20.35541921	-47.59644464	-65.21061663	0	0	-56.01275769	-21.7846446	17.44300539	-25.95578663	0	0	0
0	-69.2090591	19.7760888	-47.95390893	-63.47868011	0	0	-57.1640887	-21.8186963	17.96379203	-25.3190232	0	0	0
0	-70.95914672	19.19566783	-48.26184215	-61.72656908	0	0	-58.27290315	-21.83675013	18.48201927	-24.72997388	0	0	0
0	-72.65906493	18.61707029	-48.52388677	-59.95837699	0	0	-59.33611085	-21.83935297	18.99748637	-24.19523094	0	0	0
0	-74.31036829	18.04290232	-48.74364224	-58.17820378	0	0	-60.3506256	-21.82709375	19.51006136	-23.72144891	0	0	0
0	-75.9144046	17.47548982	-48.92463238	-56.39017328	0	0	-61.31340282	-21.80060268	20.01968571	-23.3152722	0	0	0
0	-77.47228744	16.91690918	-49.0702801	-54.59846253	0	0	-62.22147562	-21.76055046	20.52637594	-22.98325529	0	0	0
0	-78.98488373	16.36901359	-49.18389078	-52.8073216	0	0	-63.07200052	-21.70764721	21.0302282	-22.73177193	0	0	0
0	-80.45276149	15.8334738	-49.26863867	-51.02114788	0	0	-63.86228182	-21.64264309	21.53140796	-22.56692369	0	0	0
0	-81.87623094	15.3117842	-49.32756482	-49.24445448	0	0	-64.58984819	-21.5663254	22.03016972	-22.49443025	0	0	0
0	-83.25529778	14.80529944	-49.36357176	-47.48194609	0	0	-65.25247774	-21.4795186	22.5268469	-22.51953593	0	0	0
0	-84.58966368	14.31525228	-49.37942442	-45.73854175	0	0	-65.93074839	-21.39232144	23.04881977	-22.59611382	0	0	0
0	-85.87871913	13.84277239	-49.37775226	-44.01940814	0	0	-66.70354769	-21.31179434	23.61747869	-22.66531053	0	0	0
0	-87.12153727	13.3889031	-49.36105251	-42.32999197	0	0	-67.5658554	-21.23479722	24.22420573	-22.71365653	0	0	0
0	-88.31686913	12.954616	-49.33169406	-40.67605055	0	0	-68.51177524	-21.15887184	24.86032975	-22.72921025	0	0	0
0	-89.46314037	12.54082356	-49.29192163	-39.063679	0	0	-69.53430665	-21.08215913	25.51712524	-22.70205772	0	0	0
0	-90.55845027	12.14839007	-49.24385977	-37.49933253	0	0	-70.6251882	-21.00332483	26.1858254	-22.62471406	0	0	0
0	-91.60058591	11.77813655	-49.18951585	-35.98982377	0	0	-71.7748151	-20.92149062	26.85765182	-22.49243872	0	0	0
0	-92.58646261	11.43086402	-49.13078453	-34.54349936	0	0	-72.97213534	-20.83617601	27.52380806	-22.3034875	0	0	0
0	-93.51474168	11.10734211	-49.06945205	-33.16473647	0	0	-74.2047211	-20.74723601	28.17555343	-22.05928511	0	0	0
0	-94.38084604	10.8083147	-49.00718863	-31.8645343	0	0	-75.45873132	-20.65481447	28.80419365	-21.76455482	0	0	0
0	-95.18145638	10.53451528	-48.94555898	-30.65096637	0	0	-76.71896296	-20.55929944	29.40110659	-21.42738307	0	0	0
0	-95.91418962	10.28666533	-48.88601898	-29.52989003	0	0	-77.96890693	-20.46128759	29.95775399	-21.05922077	0	0	0
0	-96.57399208	10.06546951	-48.82990932	-28.51261551	0	0	-79.1908232	-20.36155819	30.46568682	-20.67480653	0	0	0
0	-97.15743324	9.871624713	-48.77845845	-27.6068012	0	0	-80.3658414	-20.26105831	30.91654471	-20.29199041	0	0	0
0	-97.66061504	9.705815793	-48.73277566	-26.82090332	0	0	-81.47409807	-20.160901	31.30205057	-19.93142943	0	0	0
0	-98.0797052	9.568715685	-48.6938466	-26.16305282	0	0	-82.49492551	-20.06237813	31.61400157	-19.61612069	0	0	0
0	-98.41103421	9.460984161	-48.66252721	-25.64085654	0	0	-83.40710855	-19.96698903	31.84425809	-19.37073751	0	0	0
0	-98.65119594	9.383266186	-48.63953669	-25.26118878	0	0	-84.18922235	-19.87648586	31.98473124	-19.22074178	0	0	0
0	-98.79714681	9.336189696	-48.62544945	-25.02998386	0	0	-84.82006251	-19.79293441	32.02736915	-19.19126547	0	0	0
0	-98.84628812	9.3203656	-48.620687	-24.9520573	0	0	-85.27911553	-19.71879517	31.96413997	-19.30578373	0	0	0
0	-98.84628812	9.3203656	-48.620687	-24.9520573	0	0	-85.57806898	-19.66154021	31.79162594	-19.5809733	0	0	0
0	-98.84628812	9.3203656	-48.620687	-24.9520573	0	0	-85.74961101	-19.62824175	31.51756835	-20.00729782	0	0	0
0	-98.84628812	9.3203656	-48.620687	-24.9520573	0	0	-85.80616434	-19.62096209	31.1504845	-20.5649888	0	0	0
0	-98.84628812	9.3203656	-48.620687	-24.9520573	0	0	-85.76050566	-19.64149298	30.69866729	-21.23276153	0	0	0
0	-98.84628812	9.3203656	-48.620687	-24.9520573	0	0	-85.62535138	-19.69126288	30.17022846	-21.98881079	0	0	0
0	-98.84628812	9.3203656	-48.620687	-24.9520573	0	0	-85.41302576	-19.7712563	29.57313954	-22.81163551	0	0	0
0	-98.84628812	9.3203656	-48.620687	-24.9520573	0	0	-85.13521722	-19.8819459	28.91527044	-23.68067892	0	0	0
0	-98.84628812	9.3203656	-48.620687	-24.9520573	0	0	-84.80281751	-20.02323759	28.20442573	-24.57679388	0	0	0
0	-98.84628812	9.3203656	-48.620687	-24.9520573	0	0	-84.42583108	-20.19442846	27.44837815	-25.48255724	0	0	0
0	-98.84628812	9.3203656	-48.620687	-24.9520573	0	0	-84.01334007	-20.3941777	26.65489901	-26.38246203	0	0	0
0	-98.86629187	9.325323078	-48.61352213	-24.94637233	0	0	-83.57350972	-20.62049019	25.83178501	-27.26301607	0	0	0
0	-98.92529402	9.339940864	-48.59242642	-24.92945852	0	0	-83.11361601	-20.87071621	24.98687126	-28.11278119	0	0	0
0	-99.02187372	9.363853904	-48.55801549	-24.90130522	0	0	-82.64011874	-21.14154866	24.12809116	-28.92231212	0	0	0
0	-99.15472444	9.396718385	-48.51092405	-24.86163787	0	0	-82.15868985	-21.42906365	23.26343159	-29.68415933	0	0	0
0	-99.32263336	9.438207899	-48.45180463	-24.80995956	0	0	-81.67372756	-21.72874651	22.4009864	-30.39396266	0	0	0
0	-99.52446452	9.488010453	-48.3813256	-24.74558947	0	0	-81.19101964	-22.03553603	21.54895332	-31.04483186	0	0	0
0	-99.75914237	9.545825495	-48.3001696	-24.66769922	0	0	-80.71335147	-22.34390193	20.71564808	-31.63669932	0	0	0
0	-100.0256364	9.611361052	-48.20903206	-24.57534716	0	0	-80.24404602	-22.64791032	19.90950734	-32.16880836	0	0	0
0	-100.3229466	9.68433098	-48.10861974	-24.46751051	0	0	-79.78602455	-22.94131846	19.13909763	-32.64170167	0	0	0
0	-100.6500904	9.764452303	-47.99964935	-24.34311545	0	0	-79.34189528	-23.21768014	18.41312351	-33.05701427	0	0	0
0	-101.0060901	9.851442661	-47.88284595	-24.20106531	0	0	-78.88505209	-23.46450146	17.69171452	-33.43817113	0	0	0
0	-101.389962	9.945017861	-47.7589414	-24.0402668	0	0	-78.38959032	-23.67595496	16.93255382	-33.80455214	0	0	0
0	-101.8007058	10.04488954	-47.62867256	-23.85965443	0	0	-77.8590198	-23.85552471	16.14094298	-34.152664	0	0	0
0	-102.2373011	10.15076425	-47.49277772	-23.65821069	0	0	-77.29686098	-24.00677005	15.3223562	-34.47937984	0	0	0
0	-102.6986782	10.26233628	-47.35200106	-23.43499697	0	0	-76.70729245	-24.13338509	14.48243995	-34.78056985	0	0	0
0	-103.1837416	10.37929329	-47.20708065	-23.18915875	0	0	-76.0926748	-24.23926073	13.62690605	-35.056268	0	0	0
0	-103.6913431	10.50130964	-47.05875241	-22.9199531	0	0	-75.4569197	-24.32853327	12.7615214	-35.30348963	0	0	0
0	-104.2202811	10.62804601	-46.90774594	-22.62676335	0	0	-74.80336763	-24.40562162	11.89204097	-35.5206812	0	0	0
0	-104.7692951	10.75914813	-46.75478179	-22.30911479	0	0	-74.13524384	-24.4752586	11.02414954	-35.70668625	0	0	0
0	-105.3370611	10.89424556	-46.60056861	-21.96668953	0	0	-73.45562899	-24.54251187	10.163402	-35.8607406	0	0	0
0	-105.922187	11.03295087	-46.4458002	-21.59934039	0	0	-72.76743092	-24.61279563	9.315164414	-35.98246405	0	0	0
0	-106.5232085	11.17485891	-46.2911526	-21.20710414	0	0	-72.07335821	-24.69187362	8.48455746	-36.07184853	0	0	0
0	-107.1385851	11.31954636	-46.13728106	-20.79021414	0	0	-71.37589676	-24.78585407	7.676403948	-36.12924258	0	0	0
0	-107.7666958	11.46657153	-45.98481714	-20.34911254	0	0	-70.67728974	-24.90117787	6.895181809	-36.15533214	0	0	0
0	-108.4058353	11.61547433	-45.83436589	-19.88446224	0	0	-69.97952173	-25.04460096	6.144983541	-36.15111754	0	0	0
0	-109.0542093	11.76577643	-45.68650304	-19.39715861	0	0	-69.28430697	-25.22317263	5.429482822	-36.11788632	0	0	0
0	-109.709938	11.91698346	-45.54177086	-18.88833492	0	0	-68.59307359	-25.44421378	4.751900641	-36.05718112	0	0	0
0	-110.3710197	12.06857827	-45.40068258	-18.35939854	0	0	-67.90699277	-25.71527995	4.115018285	-35.97076715	0	0	0
0	-111.0353724	12.22003242	-45.26371002	-17.81200615	0	0	-67.22692852	-26.04415091	3.521116447	-35.86058746	0	0	0
0	-111.7007971	12.37079974	-45.13128871	-17.24809935	0	0	-66.55347215	-26.43879552	2.972001032	-35.72872026	0	0	0
0	-112.3649794	12.52031894	-45.00381471	-16.66991036	0	0	-65.87678868	-26.84422347	2.428706985	-35.56976972	0	0	0
0	-113.0254833	12.66801456	-44.88164352	-16.07997313	0	0	-65.1899859	-27.20017654	1.854130434	-35.37562668	0	0	0
0	-113.6797448	12.81329783	-44.76508946	-15.48113412	0	0	-64.4978775	-27.50701661	1.252673534	-35.14464471	0	0	0
0	-114.3250661	12.9555677	-44.65442541	-14.87656184	0	0	-63.80526087	-27.76535344	0.628919765	-34.87556204	0	0	0
0	-114.9586093	13.09421179	-44.54988318	-14.26975484	0	0	-63.11633402	-27.97607393	-0.012425749	-34.5686506	0	0	0
0	-115.5773923	13.22860737	-44.45165434	-13.66454725	0	0	-62.43691871	-28.14035636	-0.666600698	-34.22087894	0	0	0
0	-116.1782848	13.35812233	-44.35989171	-13.06511069	0	0	-61.77072234	-28.25969285	-1.328850848	-33.83376531	0	0	0
0	-116.7580075	13.48211629	-44.27471151	-12.47595142	0	0	-61.12190412	-28.33588841	-1.994496442	-33.40780191	0	0	0
0	-117.3131403	13.59994299	-44.19619536	-11.90189432	0	0	-60.49431483	-28.37106174	-2.659003254	-32.9439461	0	0	0
0	-117.8401011	13.71094595	-44.12439772	-11.34809256	0	0	-59.89147504	-28.36763699	-3.318009589	-32.44365284	0	0	0
0	-118.3351966	13.81446833	-44.05934488	-10.8199587	0	0	-59.31648474	-28.32833422	-3.9674261	-31.90884973	0	0	0
0	-118.7946114	13.90984868	-44.00104446	-10.32315235	0	0	-58.77201527	-28.2561513	-4.603448286	-31.34196522	0	0	0
0	-119.2144378	13.99642427	-43.94949111	-9.863518921	0	0	-58.26027174	-28.15434581	-5.222599745	-30.74592846	0	0	0
0	-119.5907068	14.07353321	-43.90467436	-9.447019559	0	0	-57.78370202	-28.02641213	-5.821757761	-30.12262249	0	0	0
0	-119.919427	14.14051694	-43.86658759	-9.079644125	0	0	-57.34250598	-27.87606942	-6.398169974	-29.47814877	0	0	0
0	-120.1966315	14.19672312	-43.83523806	-8.767307329	0	0	-56.93780138	-27.70722949	-6.949460306	-28.816097	0	0	0
0	-120.4184328	14.24150891	-43.81065801	-8.515729241	0	0	-56.56980288	-27.52398404	-7.473627	-28.14142077	0	0	0
0	-120.5810837	14.2742446	-43.79291655	-8.330303038	0	0	-56.23823526	-27.33058555	-7.969031945	-27.45958281	0	0	0
0	-120.6810417	14.29431746	-43.78213211	-8.215954521	0	0	-55.94235465	-27.13143168	-8.434382626	-26.77654515	0	0	0
0	-120.7150347	14.30113584	-43.77848517	-8.176999508	0	0	-55.68097784	-26.9310521	-8.868707486	-26.09875225	0	0	0
0	-120.7150347	14.30113584	-43.77848517	-8.176999508	0	0	-55.41129938	-26.74492273	-9.23576761	-25.42232406	0	0	0
0	-120.7150347	14.30113584	-43.77848517	-8.176999508	0	0	-55.0969313	-26.58536666	-9.504743592	-24.73780448	0	0	0
0	-120.7150347	14.30113584	-43.77848517	-8.176999508	0	0	-54.74678447	-26.45248117	-9.683060834	-24.04185848	0	0	0
0	-120.7150347	14.30113584	-43.77848517	-8.176999508	0	0	-54.37050037	-26.34647794	-9.778197882	-23.32937941	0	0	0
0	-120.7150347	14.30113584	-43.77848517	-8.176999508	0	0	-53.97813948	-26.26752806	-9.797636429	-22.59427481	0	0	0
0	-120.6818996	14.29453149	-43.78200595	-8.213255432	0	0	-53.57987095	-26.21562176	-9.748826882	-21.83015166	0	0	0
0	-120.584458	14.27508838	-43.79241626	-8.319676526	0	0	-53.18568425	-26.19045825	-9.639145462	-21.03094953	0	0	0
0	-120.4258816	14.24337872	-43.80953893	-8.492232504	0	0	-52.80511853	-26.19136467	-9.475846262	-20.19151553	0	0	0
0	-120.2095979	14.19999469	-43.83325512	-8.726315909	0	0	-52.44700841	-26.21724338	-9.266009542	-19.30812591	0	0	0
0	-119.9392294	14.14554477	-43.86349247	-9.016873825	0	0	-52.11924444	-26.26654538	-9.016488574	-18.37896157	0	0	0
0	-119.6185344	14.08065013	-43.90021339	-9.358537571	0	0	-51.82854653	-26.33726603	-8.733857885	-17.40454634	0	0	0
0	-119.2513509	14.00594132	-43.94340394	-9.745745076	0	0	-51.58024876	-26.42695852	-8.424365844	-16.38815737	0	0	0
0	-118.8415464	13.92205521	-43.99306337	-10.17285197	0	0	-51.37809479	-26.53276009	-8.093894338	-15.33621534	0	0	0
0	-118.3929676	13.82963117	-44.04919536	-10.63423457	0	0	-51.22404376	-26.65142698	-7.747923664	-14.25864507	0	0	0
0	-117.9094263	13.7293132	-44.11179674	-11.12434965	0	0	-51.11810166	-26.77936477	-7.391529655	-13.16927879	0	0	0
0	-117.3946377	13.62174125	-44.1808541	-11.63783477	0	0	-51.05816356	-26.91267148	-7.029352157	-12.08608857	0	0	0
0	-116.8522185	13.50755373	-44.25633477	-12.16953938	0	0	-51.03992495	-27.04716214	-6.665618981	-11.03146349	0	0	0
0	-116.2856659	13.38738492	-44.33818204	-12.71457	0	0	-51.05686836	-27.17839398	-6.304165117	-10.03226618	0	0	0
0	-115.6983466	13.26186358	-44.4263107	-13.26831883	0	0	-51.1003897	-27.3016839	-5.94847336	-9.119635759	0	0	0
0	-115.0934902	13.13161166	-44.52060348	-13.82648276	0	0	-51.16012964	-27.41212057	-5.601734475	-8.328380151	0	0	0
0	-114.4741864	12.9972432	-44.6209082	-14.38507473	0	0	-51.23094029	-27.51465844	-5.247974744	-7.632785089	0	0	0
0	-113.843385	12.85936318	-44.72703579	-14.94042882	0	0	-51.31397506	-27.61845779	-4.869840476	-6.98465576	0	0	0
0	-113.2038977	12.71856647	-44.83875885	-15.4892007	0	0	-51.40742137	-27.72467209	-4.468263757	-6.387087525	0	0	0
0	-112.5584018	12.57543678	-44.95581087	-16.02836451	0	0	-51.50958976	-27.83436023	-4.044150604	-5.842998915	0	0	0
0	-111.9094439	12.43054568	-45.07788602	-16.55520716	0	0	-51.61893933	-27.94849812	-3.598376768	-5.355081671	0	0	0
0	-111.2594454	12.28445156	-45.20463935	-17.06732086	0	0	-51.73410424	-28.06798954	-3.13178421	-4.925747632	0	0	0
0	-110.6107073	12.1376987	-45.33568757	-17.56259445	0	0	-51.85392052	-28.19367613	-2.645178018	-4.557074641	0	0	0
0	-109.965415	11.99081639	-45.47061012	-18.03920395	0	0	-51.97745183	-28.32634649	-2.139323617	-4.250754032	0	0	0
0	-109.3256438	11.84431809	-45.60895069	-18.49560266	0	0	-52.10401307	-28.46674448	-1.614944101	-4.008042566	0	0	0
0	-108.6933631	11.6987007	-45.750219	-18.93051092	0	0	-52.23319046	-28.61557676	-1.072717588	-3.829721713	0	0	0
0	-108.0704413	11.55444397	-45.89389291	-19.34290577	0	0	-52.36485679	-28.77351959	-0.513274503	-3.716066955	0	0	0
0	-107.4586496	11.41201005	-46.03942075	-19.73201041	0	0	-52.49918106	-28.94122503	0.062805276	-3.66682924	0	0	0
0	-106.859652	11.27183986	-46.18622732	-20.09729192	0	0	-52.63663502	-29.119331	0.655009769	-3.681231037	0	0	0
0	-106.2750658	11.13436634	-46.33370258	-20.43841607	0	0	-52.77797672	-29.30844941	1.262841302	-3.757972313	0	0	0
0	-105.7063798	10.99999445	-46.48122542	-20.75528841	0	0	-52.92426072	-29.50919659	1.885904782	-3.895254814	0	0	0
0	-105.1550153	10.86911491	-46.6281525	-21.04800715	0	0	-53.07681022	-29.72218141	2.523855447	-4.090816121	0	0	0
0	-104.6223154	10.74210136	-46.77382462	-21.31686	0	0	-53.23720122	-29.94801411	3.176417041	-4.341972615	0	0	0
0	-104.1095491	10.61931109	-46.91756956	-21.56231133	0	0	-53.40724051	-30.18731088	3.84338651	-4.645669505	0	0	0
0	-103.6179159	10.50108604	-47.0587048	-21.78498847	0	0	-53.58894234	-30.44069837	4.524639269	-4.9985345	0	0	0
0	-103.1485502	10.38775392	-47.19654026	-21.98566709	0	0	-53.78450519	-30.70881806	5.220135142	-5.396932224	0	0	0
0	-102.7025273	10.27962958	-47.33038081	-22.16525548	0	0	-54.01194003	-30.98702444	5.959869693	-5.822828854	0	0	0
0	-102.2808688	10.1770166	-47.45952868	-22.32477752	0	0	-54.29037164	-31.26857708	6.769653782	-6.254014097	0	0	0
0	-101.8845505	10.08020897	-47.58328569	-22.46535441	0	0	-54.62321208	-31.55089619	7.643153508	-6.681451715	0	0	0
0	-101.5145091	9.989492989	-47.70095531	-22.58818469	0	0	-55.01297502	-31.83132428	8.573890231	-7.097661516	0	0	0
0	-101.1716521	9.905149245	-47.8118445	-22.69452279	0	0	-55.46115768	-32.10718833	9.555206241	-7.496888951	0	0	0
0	-100.8568666	9.827454739	-47.91526544	-22.78565568	0	0	-55.96816	-32.375867	10.58023976	-7.875215969	0	0	0
0	-100.5710313	9.756685109	-48.01053704	-22.86287776	0	0	-56.5332365	-32.63486176	11.64191067	-8.230625725	0	0	0
0	-100.3150276	9.693116934	-48.0969863	-22.92746368	0	0	-57.15447794	-32.88186993	12.732918	-8.56302994	0	0	0
0	-100.0897538	9.637030125	-48.17394962	-22.98063923	0	0	-57.82882126	-33.11485756	13.84574978	-8.874263899	0	0	0
0	-99.89613879	9.588710394	-48.24077395	-23.02355002	0	0	-58.55208773	-33.33212995	14.97270515	-9.168050469	0	0	0
0	-99.73515804	9.548451806	-48.29681798	-23.05722807	0	0	-59.31904974	-33.5323973	16.10592812	-9.449931363	0	0	0
0	-99.60785016	9.516559419	-48.34145337	-23.08255619	0	0	-60.12352771	-33.71483355	17.23745133	-9.727161323	0	0	0
0	-99.51533463	9.493352027	-48.37406602	-23.1002302	0	0	-60.95851825	-33.87912655	18.35924786	-10.00855899	0	0	0
0	-99.45883047	9.479165031	-48.39405759	-23.11071883	0	0	-61.81635514	-34.02551836	19.46328816	-10.30430745	0	0	0
0	-99.43967583	9.47435345	-48.40084731	-23.11422151	0	0	-62.68890343	-34.15483495	20.54159897	-10.62569768	0	0	0
0	-99.43967583	9.47435345	-48.40084731	-23.11422151	0	0	-63.56778615	-34.26850541	21.58632093	-10.98481034	0	0	0
0	-99.43967583	9.47435345	-48.40084731	-23.11422151	0	0	-64.44464115	-34.36857151	22.58976149	-11.39413482	0	0	0
0	-99.43967583	9.47435345	-48.40084731	-23.11422151	0	0	-65.31142369	-34.45769097	23.54446241	-11.8661422	0	0	0
0	-99.43967583	9.47E+00	-48.40084731	-23.11422151	0	0	-66.16062353	-34.5391243	24.44314541	-12.41275261	0	0	0
0	-99.43967583	9.47E+00	-48.40084731	-23.11422151	0	0	-66.98569595	-34.61673871	25.27887325	-13.04488704	0	0	0
0	-99.45883046	9.48E+00	-48.3940576	-23.11071883	0	0	-67.82716308	-34.70934834	26.08809909	-13.78716214	0	0	0
0	-99.5153346	9.49E+00	-48.37406603	-23.10023021	0	0	-68.73759892	-34.82610959	26.9115183	-14.62701923	0	0	0
0	-99.60785008	9.52E+00	-48.3414534	-23.08255621	0	0	-69.72752367	-34.95720132	27.74802089	-15.52120563	0	0	0
0	-99.7351579	9.55E+00	-48.29681803	-23.0572281	0	0	-70.8043213	-35.09333072	28.59534667	-16.43100317	0	0	0
0	-99.89613858	9.59E+00	-48.24077402	-23.02355007	0	0	-71.97169476	-35.22580298	29.44990649	-17.32293337	0	0	0
0	-100.0897535	9.64E+00	-48.17394972	-22.9806393	0	0	-73.22939699	-35.34660126	30.30666629	-18.16904339	0	0	0
0	-100.3150272	9.69E+00	-48.09698644	-22.92746378	0	0	-74.5731674	-35.44848194	31.15910016	-18.94693544	0	0	0
0	-100.5710308	9.76E+00	-48.01053721	-22.86287789	0	0	-75.99482249	-35.52508466	31.99921963	-19.63965861	0	0	0
0	-100.856866	9.83E+00	-47.91526566	-22.78565586	0	0	-77.48246653	-35.57105051	32.81768538	-20.23553897	0	0	0
0	-101.1716513	9.91E+00	-47.81184475	-22.69452302	0	0	-79.02079751	-35.58213618	33.60400237	-20.7279896	0	0	0
0	-101.5145082	9.989492759	-47.70095561	-22.58818499	0	0	-80.59148728	-35.55530798	34.34679228	-21.11531744	0	0	0
0	-101.8845494	10.0802087	-47.58328604	-22.46535478	0	0	-82.17361376	-35.48879842	35.03412746	-21.4005278	0	0	0
0	-102.2808676	10.17701629	-47.45952908	-22.32477799	0	0	-83.74412035	-35.38210957	35.6539022	-21.5911164	0	0	0
0	-102.7025258	10.27962922	-47.33038125	-22.16525604	0	0	-85.27827686	-35.23595148	36.19421018	-21.69883168	0	0	0
0	-103.1485486	10.38775352	-47.19654075	-21.98566777	0	0	-86.75011873	-35.05210998	36.6436945	-21.73938403	0	0	0
0	-103.6179141	10.5010856	-47.05870533	-21.78498928	0	0	-88.1328482	-34.83324376	36.99183869	-21.73207342	0	0	0
0	-104.1095471	10.61931061	-46.91757013	-21.56231228	0	0	-89.3991916	-34.58261671	37.22917413	-21.69930238	0	0	0
0	-104.6223132	10.74210082	-46.77382524	-21.3168611	0	0	-90.52171956	-34.30377418	37.34738916	-21.66593823	0	0	0
0	-105.1550129	10.86911433	-46.62815316	-21.04800842	0	0	-91.47314778	-34.00017347	37.33933788	-21.65849016	0	0	0
0	-105.7063772	10.99999382	-46.48122612	-20.75528986	0	0	-92.22664405	-33.67477766	37.19895921	-21.70407417	0	0	0
0	-106.2750629	11.13436566	-46.33370332	-20.43841772	0	0	-92.80065935	-33.37612116	36.94323751	-21.83844824	0	0	0
0	-106.8596489	11.27183913	-46.18622809	-20.09729377	0	0	-93.23892046	-33.15071671	36.60055542	-22.07492901	0	0	0
0	-107.4586463	11.41200927	-46.03942155	-19.73201248	0	0	-93.55327651	-32.99742847	36.18176938	-22.40467892	0	0	0
0	-108.0704378	11.55444315	-45.89389374	-19.34290806	0	0	-93.75572915	-32.91461648	35.69671869	-22.81670416	0	0	0
0	-108.6933594	11.69869984	-45.75021985	-18.93051344	0	0	-93.85832213	-32.90017811	35.15434069	-23.2985795	0	0	0
0	-109.3256398	11.84431719	-45.60895156	-18.49560542	0	0	-93.87296555	-32.95161142	34.56286989	-23.8370369	0	0	0
0	-109.9654108	11.99081545	-45.470611	-18.03920696	0	0	-93.81132278	-33.06604578	33.92997509	-24.41851302	0	0	0
0	-110.6107029	12.13769772	-45.33568846	-17.5625977	0	0	-93.68471529	-33.24026846	33.26289211	-25.02960323	0	0	0
0	-111.2594409	12.28445054	-45.20464024	-17.06732434	0	0	-93.50405555	-33.4707456	32.56854378	-25.65742811	0	0	0
0	-111.9094392	12.43054464	-45.07788691	-16.55521088	0	0	-93.27980672	-33.75363973	31.85364809	-26.28991735	0	0	0
0	-112.558397	12.57543572	-44.95581176	-16.02836845	0	0	-93.02196578	-34.08482575	31.12481515	-26.91601971	0	0	0
0	-113.2038928	12.71856538	-44.83875972	-15.48920485	0	0	-92.74006565	-34.45990656	30.38863352	-27.52584901	0	0	0
0	-113.84338	12.85936208	-44.72703665	-14.94043316	0	0	-92.44319208	-34.87422919	29.65174614	-28.11077613	0	0	0
0	-114.4741813	12.9972421	-44.62090904	-14.38507925	0	0	-92.14001119	-35.32290209	28.92091619	-28.66347582	0	0	0
0	-115.0934851	13.13161055	-44.52060429	-13.82648743	0	0	-91.83880438	-35.80081354	28.20308272	-29.17793524	0	0	0
0	-115.6983415	13.26186248	-44.42631149	-13.26832361	0	0	-91.54750807	-36.30265119	27.50540608	-29.64942957	0	0	0
0	-116.2856608	13.38738384	-44.33818279	-12.71457485	0	0	-91.27375645	-36.82292223	26.83530292	-30.07446813	0	0	0
0	-116.8522135	13.50755267	-44.25633548	-12.16954426	0	0	-91.024382	-37.35597349	26.20047048	-30.45186857	0	0	0
0	-117.3946328	13.62174022	-44.18085477	-11.63783964	0	0	-90.80779656	-37.8960112	25.60889977	-30.77769037	0	0	0
0	-117.9094216	13.72931221	-44.11179736	-11.12435445	0	0	-90.6302532	-38.43711864	25.06887676	-31.05313687	0	0	0
0	-118.392963	13.82963023	-44.04919594	-10.63423923	0	0	-90.44449002	-38.95039461	24.526862	-31.2997428	0	0	0
0	-118.841537	13.92205327	-43.99306453	-10.17286174	0	0	-90.19985339	-39.41382789	23.9259502	-31.53825892	0	0	0
0	-119.2513423	14.00593956	-43.94340497	-9.745754125	0	0	-89.89850158	-39.83159557	23.26992789	-31.76770469	0	0	0
0	-119.6185266	14.08064857	-43.90021429	-9.35854576	0	0	-89.54299335	-40.20770009	22.56298283	-31.9871305	0	0	0
0	-119.9392227	14.14554342	-43.86349323	-9.016881006	0	0	-89.13623858	-40.54601436	21.80964608	-32.19562794	0	0	0
0	-120.2095923	14.19999357	-43.83325574	-8.726321933	0	0	-88.68144621	-40.85032506	21.0147308	-32.39233905	0	0	0
0	-120.4258773	14.24337785	-43.8095394	-8.492237225	0	0	-88.1820705	-41.12437352	20.18326883	-32.57646477	0	0	0
0	-120.5844581	14.2750884	-43.79241625	-8.319676459	0	0	-87.64174291	-41.37189915	19.32042511	-32.74727651	0	0	0
0	-120.6818997	14.29453149	-43.78200595	-8.213255415	0	0	-87.06426987	-41.59665081	18.43151597	-32.9041069	0	0	0
0	-120.7150347	14.30113584	-43.77848517	-8.176999508	0	0	-86.45350139	-41.80245236	17.52182172	-33.04638037	0	0	0
0	-120.7150347	14.30113584	-43.77848517	-8.176999508	0	0	-85.81332966	-41.99320482	16.59660676	-33.17360177	0	0	0
0	-120.7150347	14.30113584	-43.77848517	-8.176999508	0	0	-85.14762729	-42.17291453	15.66104103	-33.28536528	0	0	0
0	-120.7150347	14.30113584	-43.77848517	-8.176999508	0	0	-84.4602015	-42.34571098	14.72014584	-33.38135828	0	0	0
0	-120.7150347	14.30113584	-43.77848517	-8.176999508	0	0	-83.75475259	-42.51586074	13.77874481	-33.46136464	0	0	0
0	-120.7150347	14.30113584	-43.77848517	-8.176999508	0	0	-83.03483714	-42.68777772	12.84142055	-33.52526731	0	0	0
0	-120.7150347	14.30113584	-43.77848517	-8.176999508	0	0	-82.30383648	-42.86603043	11.91247754	-33.57305031	0	0	0
0	-120.7150347	14.30113584	-43.77848517	-8.176999508	0	0	-81.56493035	-43.05534653	10.99591136	-33.60480001	0	0	0
0	-120.7150347	14.30113584	-43.77848517	-8.176999508	0	0	-80.82107602	-43.2606155	10.09538454	-33.62070592	0	0	0
0	-120.7150347	14.30113584	-43.77848517	-8.176999508	0	0	-80.0749923	-43.48688997	9.214208575	-33.62106068	0	0	0
0	-120.7150347	14.30113584	-43.77848517	-8.176999508	0	0	-79.3291484	-43.7393864	8.355331856	-33.60625957	0	0	0
0	-120.6810384	14.29431718	-43.78213208	-8.215961229	0	0	-78.55917923	-44.00337365	7.496431215	-33.57897984	0	0	0
0	-120.5810705	14.27424348	-43.79291642	-8.330329429	0	0	-77.74249982	-44.25879634	6.614611621	-33.53950345	0	0	0
0	-120.4184036	14.24150644	-43.81065776	-8.515787518	0	0	-76.88422353	-44.503175	5.711968978	-33.48485729	0	0	0
0	-120.1965807	14.19671881	-43.83523767	-8.767408815	0	0	-75.98967506	-44.73428254	4.790980171	-33.41230539	0	0	0
0	-119.9193493	14.14051032	-43.86658709	-9.079799184	0	0	-75.06436994	-44.95017881	3.854497362	-33.31939354	0	0	0
0	-119.5905975	14.07352387	-43.90467382	-9.447237549	0	0	-74.11398377	-45.14924179	2.905728302	-33.20398892	0	0	0
0	-119.2142926	13.99641181	-43.94949065	-9.863808185	0	0	-73.14431109	-45.33019455	1.948203211	-33.0643148	0	0	0
0	-118.7944265	13.90983274	-44.00104425	-10.32352023	0	0	-72.16121469	-45.49212711	0.985729435	-32.89898071	0	0	0
0	-118.3349686	13.81444858	-44.05934514	-10.82041157	0	0	-71.17056657	-45.63451239	0.022335683	-32.70700834	0	0	0
0	-117.839827	13.71092211	-44.12439869	-11.34863587	0	0	-70.1781824	-45.7572158	-0.937791768	-32.4878534	0	0	0
0	-117.3128176	13.59991477	-44.19619736	-11.90253268	0	0	-69.189752	-45.86049812	-1.890378096	-32.24142366	0	0	0
0	-116.7576409	13.48208492	-44.2747139	-12.47668169	0	0	-68.21076851	-45.94501163	-2.831131093	-31.96809338	0	0	0
0	-116.1778517	13.3580832	-44.35989789	-13.06595695	0	0	-67.2464364	-46.01179103	-3.755833109	-31.66870675	0	0	0
0	-115.5769047	13.22856318	-44.45166276	-13.66549799	0	0	-66.3016983	-46.06223109	-4.660319288	-31.34461453	0	0	0
0	-114.958066	13.09416242	-44.54989429	-14.27081187	0	0	-65.38103935	-46.09807441	-5.540669193	-30.99763514	0	0	0
0	-114.324466	12.95551302	-44.65443967	-14.87772644	0	0	-64.48853141	-46.12137857	-6.393168214	-30.63008303	0	0	0
0	-113.6790872	12.81323774	-44.76510735	-15.4824071	0	0	-63.62843172	-46.13448914	-7.214368976	-30.24336	0	0	0
0	-113.0247674	12.667949	-44.88166556	-16.08135488	0	0	-62.80277508	-46.1400048	-8.001118736	-29.84300881	0	0	0
0	-112.3642048	12.52024788	-45.00384139	-16.67140089	0	0	-62.01460908	-46.14074876	-8.750573637	-29.43180815	0	0	0
0	-111.6999634	12.37072314	-45.13132054	-17.24969834	0	0	-61.26601952	-46.13973234	-9.460200904	-29.01395512	0	0	0
0	-111.0344795	12.2199503	-45.26374752	-17.81371296	0	0	-60.54963665	-46.138608	-10.13831202	-28.58696584	0	0	0
0	-110.3700675	12.06849065	-45.40072624	-18.36121228	0	0	-59.85597856	-46.13671792	-10.79478662	-28.14613771	0	0	0
0	-109.7089266	11.91689041	-45.54182116	-18.89025441	0	0	-59.18364363	-46.13369841	-11.42963887	-27.69258897	0	0	0
0	-109.0531466	11.76567981	-45.68655871	-19.39917652	0	0	-58.5313046	-46.12914953	-12.04283645	-27.22733123	0	0	0
0	-108.4047138	11.61537243	-45.83442907	-19.88658316	0	0	-57.89771355	-46.12264149	-12.63429883	-26.75126526	0	0	0
0	-107.765516	11.46646447	-45.98488827	-20.35133466	0	0	-57.28170667	-46.11372076	-13.20389604	-26.26517586	0	0	0
0	-107.1373474	11.31943426	-46.13736051	-20.79253545	0	0	-56.68220929	-46.10191578	-13.75144808	-25.76972561	0	0	0
0	-106.5219136	11.17474193	-46.29124072	-21.20952246	0	0	-56.09824092	-46.08674241	-14.27672453	-25.26544746	0	0	0
0	-105.9208357	11.03282919	-46.44589729	-21.60185335	0	0	-55.52892058	-46.06770916	-14.77944473	-24.75273618	0	0	0
0	-105.3356543	10.89411936	-46.60067492	-21.96929457	0	0	-54.97347251	-46.04432208	-15.25927812	-24.23183844	0	0	0
0	-104.7678339	10.7590176	-46.75489753	-22.3118092	0	0	-54.43123216	-46.0160895	-15.71584491	-23.70284165	0	0	0
0	-104.2187667	10.62791137	-46.90787124	-22.62954424	0	0	-53.90165276	-45.98252659	-16.14871709	-23.16566129	0	0	0
0	-103.6897768	10.50117111	-47.05888735	-22.92281743	0	0	-53.3843125	-45.94315976	-16.55741961	-22.62002657	0	0	0
0	-103.182125	10.3791511	-47.20722526	-23.19210328	0	0	-52.87892228	-45.89753092	-16.94143181	-22.06546443	0	0	0
0	-102.6970129	10.26219067	-47.35215529	-23.43801833	0	0	-52.38533439	-45.84520164	-17.30018925	-21.50128152	0	0	0
0	-102.2355889	10.15061546	-47.49294144	-23.66130531	0	0	-51.90355208	-45.78575725	-17.63308561	-20.92654392	0	0	0
0	-101.7989537	10.04473904	-47.628844	-23.86281632	0	0	-51.43374026	-45.71881093	-17.9394751	-20.34005438	0	0	0
0	-101.3881574	9.944862279	-47.759125	-24.04349863	0	0	-50.97622686	-45.64400584	-18.21868137	-19.74031195	0	0	0
0	-101.0042455	9.851284699	-47.8830382	-24.20435847	0	0	-50.53155982	-45.56102652	-18.46997452	-19.12554018	0	0	0
0	-100.6482082	9.764292201	-47.99984983	-24.34646568	0	0	-50.10045741	-45.4695923	-18.69261452	-18.49356767	0	0	0
0	-100.3210296	9.684168975	-48.10882797	-24.47091337	0	0	-49.67249033	-45.37691904	-18.89844404	-17.82297524	0	0	0
0	-100.0236874	9.611197375	-48.20924748	-24.57879803	0	0	-49.24180201	-45.29023403	-19.09808544	-17.09293108	0	0	0
0	-99.75716461	9.54566037	-48.30039159	-24.67119326	0	0	-48.81588323	-45.20942	-19.28903337	-16.3021917	0	0	0
0	-99.52246122	9.4878441	-48.38155346	-24.74912164	0	0	-48.40181271	-45.13451349	-19.46890832	-15.45004463	0	0	0
0	-99.32060799	9.438040531	-48.45203759	-24.81352463	0	0	-48.00617601	-45.06570853	-19.63546097	-14.53643719	0	0	0
0	-99.15268066	9.396550211	-48.51116129	-24.86523035	0	0	-47.63498359	-45.00335766	-19.78657754	-13.56210636	0	0	0
0	-99.0198154	9.363685129	-48.55825611	-24.90491942	0	0	-47.29358728	-44.94796983	-19.92028453	-12.52871474	0	0	0
0	-98.92322522	9.339771692	-48.59266947	-24.93308851	0	0	-46.9865938	-44.90020515	-20.03475172	-11.43899861	0	0	0
0	-98.86421731	9.32515383	-48.61376645	-24.95001178	0	0	-46.71777372	-44.86086607	-20.12829168	-10.29693504	0	0	0
0	-98.84421129	9.320196249	-48.62093186	-24.95570006	0	0	-46.48996352	-44.83088524	-20.19935471	-9.107935887	0	0	0
0	-98.84421129	9.320196249	-48.62093186	-24.95570006	0	0	-46.30495781	-44.81131006	-20.24651799	-7.879077177	0	0	0
0	-98.84421129	9.320196249	-48.62093186	-24.95570006	0	0	-46.16338863	-44.80328451	-20.268468	-6.619372529	0	0	0
0	-98.84421129	9.320196249	-48.62093186	-24.95570006	0	0	-46.06458903	-44.80802893	-20.26397603	-5.340097514	0	0	0
0	-98.84421129	9.320196249	-48.62093186	-24.95570006	0	0	-46.00643987	-44.82681884	-20.2318665	-4.055167511	0	0	0
0	-98.84421129	9.320196249	-48.62093186	-24.95570006	0	0	-45.98520309	-44.86096411	-20.17097901	-2.781561637	0	0	0
0	-98.84421129	9.320196249	-48.62093186	-24.95570006	0	0	-45.99535313	-44.91179039	-20.08012529	-1.539766527	0	0	0
0	-98.84421129	9.320196249	-48.62093186	-24.95570006	0	0	-46.02935573	-44.98062467	-19.95804288	-0.354344299	0	0	0
0	-98.84421129	9.320196249	-48.62093186	-24.95570006	0	0	-46.07798707	-45.06878913	-19.80334944	0.746624484	0	0	0
0	-98.84421129	9.320196249	-48.62093186	-24.95570006	0	0	-46.12963533	-45.17760055	-19.61449632	1.729951782	0	0	0
0	-98.84421129	9.320196249	-48.62093186	-24.95570006	0	0	-46.17143159	-45.30838487	-19.38972982	2.559591037	0	0	0
0	-98.78479562	9.339331745	-48.62668905	-25.04991204	0	0	-46.20741509	-45.45132376	-19.12429772	3.261835454	0	0	0
0	-98.60854703	9.396209076	-48.64368313	-25.3290307	0	0	-46.24843932	-45.597269	-18.81618492	3.885284139	0	0	0
0	-98.31900493	9.490015492	-48.67132324	-25.78643419	0	0	-46.29138082	-45.74827453	-18.46737458	4.425794638	0	0	0
0	-97.92036395	9.619904499	-48.70879445	-26.41387059	0	0	-46.33364187	-45.90602774	-18.07963609	4.879875674	0	0	0
0	-97.4172858	9.785012335	-48.75507545	-27.20183474	0	0	-46.37466992	-46.07191612	-17.65448113	5.247944052	0	0	0
0	-96.81476434	9.984452753	-48.80894842	-28.13986283	0	0	-46.41060019	-46.24708318	-17.19323228	5.523107947	0	0	0
0	-96.11795989	10.21732122	-48.8690102	-29.21687125	0	0	-46.44178602	-46.4324484	-16.69700998	5.706951825	0	0	0
0	-95.33148994	10.4826954	-48.9336805	-30.42264915	0	0	-46.46823096	-46.628768	-16.16677173	5.800024131	0	0	0
0	-94.46202058	10.7796408	-49.00121239	-31.74234059	0	0	-46.49063238	-46.83667221	-15.60333414	5.804059541	0	0	0
0	-93.51288481	11.10719995	-49.06969057	-33.16785083	0	0	-46.51033783	-47.05670414	-15.00739911	5.721929272	0	0	0
0	-92.4885133	11.46439745	-49.13703966	-34.68842225	0	0	-46.52927307	-47.28935643	-14.3795794	5.557532449	0	0	0
0	-91.39474745	11.85024111	-49.20102877	-36.28993075	0	0	-46.5498487	-47.53510521	-13.72042266	5.315640629	0	0	0
0	-90.23359552	12.26369661	-49.25925803	-37.96602544	0	0	-46.57368268	-47.79444488	-13.03043587	4.999262805	0	0	0
0	-89.00892902	12.70369941	-49.3091696	-39.70597574	0	0	-46.60651247	-48.06790138	-12.31008926	4.619949942	0	0	0
0	-87.72355858	13.16913384	-49.34803686	-41.50086701	0	0	-46.65000771	-48.35608262	-11.55985239	4.180700005	0	0	0
0	-86.3798184	13.65882192	-49.3729605	-43.34232585	0	0	-46.70744782	-48.65968217	-10.78018526	3.687847915	0	0	0
0	-84.97956528	14.17150737	-49.38086237	-45.22249051	0	0	-46.7821255	-48.97950361	-9.971545443	3.147738013	0	0	0
0	-83.5241823	14.70583648	-49.36847885	-47.13397032	0	0	-46.87728835	-49.31647685	-9.134384529	2.566603365	0	0	0
0	-82.01458573	15.26033571	-49.33235441	-49.06979822	0	0	-46.99609823	-49.67167138	-8.26913808	1.950472169	0	0	0
0	-80.45123434	15.8333857	-49.26883604	-51.02337922	0	0	-47.14160874	-50.04630677	-7.37620886	1.305101117	0	0	0
0	-78.83414078	16.42319134	-49.17406959	-52.98843701	0	0	-47.32955947	-50.44346437	-6.416290387	0.61041587	0	0	0
0	-77.16296612	17.02774913	-49.04399997	-54.95878492	0	0	-47.58326183	-50.86206715	-5.352391161	-0.136294626	0	0	0
0	-75.43663289	17.64480342	-48.87437233	-56.92914861	0	0	-47.91513503	-51.29704486	-4.188480668	-0.907258093	0	0	0
0	-73.65415472	18.27181607	-48.66074925	-58.89336201	0	0	-48.33721672	-51.74314411	-2.92886311	-1.674913437	0	0	0
0	-71.81385673	18.90590941	-48.39852475	-60.84606883	0	0	-48.85627202	-52.19498874	-1.578368465	-2.421778492	0	0	0
0	-69.91381715	19.54382372	-48.08295945	-62.78179816	0	0	-49.47843362	-52.64716118	-0.142541584	-3.130320044	0	0	0
0	-67.95183637	20.18186622	-47.70922737	-64.69509357	0	0	-50.20675072	-53.09429485	1.372185669	-3.787730005	0	0	0
0	-65.92545382	20.81587662	-47.27247114	-66.58051465	0	0	-51.04165839	-53.53119292	2.958381361	-4.384669108	0	0	0
0	-63.83222854	21.44112042	-46.76793445	-68.43241844	0	0	-51.9808825	-53.95290706	4.607341274	-4.914970855	0	0	0
0	-61.66955948	22.05234055	-46.19101583	-70.24519461	0	0	-53.0195702	-54.35492793	6.309240079	-5.375521994	0	0	0
0	-59.4350152	22.64366947	-45.53745491	-72.01305602	0	0	-54.15025708	-54.73327339	8.052958892	-5.766036991	0	0	0
0	-57.12573205	23.20860648	-44.80349231	-73.73168748	0	0	-55.36297418	-55.08462485	9.826160824	-6.088939484	0	0	0
0	-54.74108019	23.74012895	-43.98611097	-75.39271312	0	0	-56.64538966	-55.4064417	11.61539439	-6.349252819	0	0	0
0	-52.27967919	24.23062398	-43.08323593	-76.99089733	0	0	-57.98300868	-55.69705682	13.40625977	-6.554502091	0	0	0
0	-49.74156715	24.67205368	-42.09401829	-78.51988609	0	0	-59.35943153	-55.95574695	15.18362936	-6.714612427	0	0	0
0	-47.12805301	25.05608724	-41.01909723	-79.97317912	0	0	-60.75666451	-56.18277268	16.93190755	-6.841785481	0	0	0
0	-44.44199775	25.37430707	-39.86085384	-81.34415757	0	0	-62.15547437	-56.37938525	18.63530924	-6.950333439	0	0	0
0	-41.68807317	25.61847593	-38.62362437	-82.62612663	0	0	-63.53577445	-56.54779942	20.2781335	-7.056447644	0	0	0
0	-38.87296972	25.78086152	-37.31384108	-83.81237409	0	0	-64.87703048	-56.69113433	21.84500811	-7.177878393	0	0	0
0	-36.00552272	25.85460654	-35.94006749	-84.89624576	0	0	-66.15867474	-56.81332628	23.32108286	-7.333504839	0	0	0
0	-33.09665806	25.83412172	-34.51286396	-85.87125898	0	0	-67.39556083	-56.9167967	24.73136634	-7.546002785	0	0	0
0	-30.15962406	25.71548284	-33.04470645	-86.73109986	0	0	-68.61672827	-57.00095432	26.11093355	-7.820707567	0	0	0
0	-27.20896626	25.49675333	-31.54919441	-87.46997689	0	0	-69.82361677	-57.06584948	27.460689	-8.150454791	0	0	0
0	-24.26118736	25.17829454	-30.04102775	-88.08244747	0	0	-71.01761748	-57.11160049	28.78109456	-8.527409897	0	0	0
0	-21.33313125	24.76282344	-28.5347951	-88.56382615	0	0	-72.20041999	-57.1384161	30.0727085	-8.943439921	0	0	0
0	-18.44254693	24.2555265	-27.04486397	-88.910074	0	0	-73.37345995	-57.14657546	31.33570683	-9.390188077	0	0	0
0	-15.60640645	23.66373621	-25.58415809	-89.11809	0	0	-74.53829287	-57.13643556	32.57040182	-9.859412039	0	0	0
0	-12.84147232	22.99680586	-24.16416826	-89.18566723	0	0	-75.69608709	-57.10842501	33.77678576	-10.34296092	0	0	0
0	-10.16276613	22.26544479	-22.79399185	-89.11163172	0	0	-76.84802671	-57.06303723	34.95502714	-10.83306394	0	0	0
0	-7.584271436	21.4814482	-21.48064605	-88.89584453	0	0	-77.9948434	-57.00083798	36.10503468	-11.3222284	0	0	0
0	-5.117680663	20.65686783	-20.22850513	-88.53916642	0	0	-79.13724312	-56.92244522	37.22693	-11.80347918	0	0	0
0	-2.773251385	19.80377598	-19.03992592	-88.04349869	0	0	-80.27546658	-56.82854999	38.32063066	-12.27020558	0	0	0
0	-0.558837682	18.93348526	-17.91502847	-87.41157531	0	0	-81.40973218	-56.71988404	39.3862986	-12.71635728	0	0	0
0	1.519172242	18.05649852	-16.85249535	-86.64705368	0	0	-82.53981597	-56.5972532	40.42394169	-13.13626694	0	0	0
0	3.456599636	17.18191759	-15.84953126	-85.75415822	0	0	-83.66550395	-56.46149387	41.43383751	-13.52480689	0	0	0
0	5.250547099	16.31762723	-14.90266051	-84.73784406	0	0	-84.78618511	-56.31351768	42.41615297	-13.87720862	0	0	0
0	6.899978633	15.46991787	-14.00770664	-83.60332734	0	0	-85.90130809	-56.15425802	43.37134339	-14.18918088	0	0	0
0	8.404866148	14.64385362	-13.16046774	-82.356345	0	0	-87.00998396	-55.98472457	44.29978961	-14.45674075	0	0	0
0	9.766646231	13.84305316	-12.35662668	-81.00260524	0	0	-88.1114437	-55.80594125	45.20217251	-14.67629038	0	0	0
0	10.98747605	13.07014869	-11.59226444	-79.54815664	0	0	-89.20464983	-55.61900922	46.07912677	-14.84446874	0	0	0
0	12.07059045	12.32664719	-10.86368192	-77.99878277	0	0	-90.31904669	-55.42281373	46.95283698	-15.00952278	0	0	0
0	13.01968261	11.61339666	-10.16776909	-76.36048142	0	0	-91.48022579	-55.21485167	47.83898859	-15.20912381	0	0	0
0	13.83917714	10.9304678	-9.501759925	-74.6388164	0	0	-92.68130144	-54.99451055	48.72903344	-15.42556967	0	0	0
0	14.53373977	10.27757687	-8.863498561	-72.83949789	0	0	-93.91426534	-54.76182538	49.61438272	-15.64313681	0	0	0
0	15.10818306	9.653984985	-8.251115703	-70.96701963	0	0	-95.17037273	-54.51742231	50.4868514	-15.84848297	0	0	0
0	15.56844889	9.058703955	-7.663406624	-69.02828394	0	0	-96.4397414	-54.26260233	51.33847919	-16.03077703	0	0	0
0	15.91937093	8.490707783	-7.099336342	-67.02711022	0	0	-97.71158583	-53.99929764	52.1617772	-16.18183813	0	0	0
0	16.16640662	7.948754846	-6.558182145	-64.96802978	0	0	-98.97449488	-53.73000043	52.94994436	-16.29617633	0	0	0
0	16.31493819	7.431683988	-6.039580374	-62.85572697	0	0	-100.2161161	-53.45780274	53.69667781	-16.3709052	0	0	0
0	16.37032344	6.938248143	-5.543266291	-60.69427064	0	0	-101.4237432	-53.18623115	54.39652293	-16.40568708	0	0	0
0	16.3378047	6.467340703	-5.069222099	-58.48794119	0	0	-102.5839459	-52.91927476	55.04460447	-16.40255406	0	0	0
0	16.22250789	6.017826497	-4.617442401	-56.24043391	0	0	-103.6831167	-52.66119887	55.63686773	-16.36571681	0	0	0
0	16.0294392	5.588733845	-4.18807491	-53.95573054	0	0	-104.7071069	-52.4165569	56.16976654	-16.3013007	0	0	0
0	15.76343518	5.179089513	-3.781213162	-51.63727687	0	0	-105.6417119	-52.19000148	56.64038255	-16.21700177	0	0	0
0	15.42923488	4.788085233	-3.397030269	-49.2888906	0	0	-106.4723484	-51.98628475	57.04607838	-16.12170165	0	0	0
0	15.03138505	4.414921009	-3.035598382	-46.91391842	0	0	-107.1844787	-51.81008176	57.38449723	-16.02494282	0	0	0
0	14.57437788	4.058952274	-2.697014111	-44.51617592	0	0	-107.76338	-51.66597631	57.65319811	-15.93637399	0	0	0
0	14.06251709	3.719544011	-2.381243379	-42.09909263	0	0	-108.1945158	-51.55830291	57.84954681	-15.86502762	0	0	0
0	13.50011394	3.396202616	-2.08823669	-39.66668317	0	0	-108.4634448	-51.49110451	57.97035429	-15.81856623	0	0	0
0	12.89132189	3.088441986	-1.817797733	-37.22269218	0	0	-108.556136	-51.46798677	58.01167461	-15.80238127	0	0	0
0	12.24038612	2.795902658	-1.56968686	-34.77159885	0	0	-108.556136	-51.46798677	58.01167461	-15.80238127	0	0	0
0	11.55146107	2.51823014	-1.34351204	-32.31778755	0	0	-108.556136	-51.46798677	58.01167461	-15.80238127	0	0	0
0	10.82888691	2.255183321	-1.138817997	-29.86653932	0	0	-108.556136	-51.46798677	58.01167461	-15.80238127	0	0	0
0	10.07704078	2.006524293	-0.955000131	-27.42333147	0	0	-108.556136	-51.46798677	58.01167461	-15.80238127	0	0	0
0	9.300640645	1.77211689	-0.791378858	-24.99482542	0	0	-108.556136	-51.46798677	58.01167461	-15.80238127	0	0	0
0	8.50457754	1.551829081	-0.647131027	-22.58817795	0	0	-108.556136	-51.46798677	58.01167461	-15.80238127	0	0	0
0	7.694318297	1.345620761	-0.521353773	-20.21218445	0	0	-108.556136	-51.46798677	58.01167461	-15.80238127	0	0	0
0	6.875737372	1.153458461	-0.413012126	-17.87663688	0	0	-108.556136	-51.46798677	58.01167461	-15.80238127	0	0	0
0	6.05558287	0.975393191	-0.320991491	-15.59355201	0	0	-108.556136	-51.46798677	58.01167461	-15.80238127	0	0	0
0	5.241348059	0.811486695	-0.244062076	-13.37665767	0	0	-108.556136	-51.46798677	58.01167461	-15.80238127	0	0	0
0	4.441746644	0.661872333	-0.180919855	-11.24257641	0	0	-108.4835429	-51.47453591	57.98707312	-15.8989985	0	0	0
0	3.666800281	0.526726327	-0.130181909	-9.210910158	0	0	-108.2681159	-51.4939318	57.91370717	-16.18495893	0	0	0
0	2.927918054	0.406250978	-0.090398097	-7.304353488	0	0	-107.9138609	-51.52569401	57.79189872	-16.65273502	0	0	0
0	2.238268268	0.300716749	-0.060089176	-5.54959804	0	0	-107.425402	-51.56920034	57.62158441	-17.2927142	0	0	0
0	1.612471992	0.210413715	-0.037762792	-3.976550357	0	0	-106.8076584	-51.6237039	57.40230028	-18.09382585	0	0	0
0	1.0665867	0.135687006	-0.02196886	-2.618415316	0	0	-106.0658264	-51.68831951	57.13327764	-19.04377786	0	0	0
0	0.617232156	0.076894914	-0.011348725	-1.509767329	0	0	-105.204949	-51.76204442	56.81338931	-20.12981977	0	0	0
0	0.280995418	0.034426674	-0.004714855	-0.685393058	0	0	-104.2300256	-51.84373129	56.44128199	-21.33879167	0	0	0
0	0.071387604	0.008667384	-0.001130164	-0.173858528	0	0	-103.145546	-51.93211041	56.01528326	-22.65787185	0	0	0
0	3.54E-16	-1.02E-07	-3.99E-07	1.27E-13	0	0	-101.9557619	-52.02575025	55.53357374	-24.07437545	0	0	0
0	3.54E-16	-1.02E-07	-3.99E-07	1.27E-13	0	0	-100.6642119	-52.12307929	54.99405543	-25.57643517	0	0	0
0	3.54E-16	-1.02E-07	-3.99E-07	1.27E-13	0	0	-99.27414745	-52.22233638	54.39457004	-27.15257603	0	0	0
0	0	0	0	0	0	0	-97.78804424	-52.32159065	53.73273089	-28.79234257	0	0	0
0	0	0	0	0	0	0	-96.20763049	-52.41867917	53.0061895	-30.48683043	0	0	0
0	0	0	0	0	0	0	-94.53601756	-52.511253	52.2124679	-32.22373019	0	0	0
0	0	0	0	0	0	0	-92.77283251	-52.59665641	51.34922598	-33.99829118	0	0	0
0	0	0	0	0	0	0	-90.92028248	-52.67201807	50.41411925	-35.80002618	0	0	0
0	0	0	0	0	0	0	-88.97856266	-52.73412763	49.40513605	-37.62325719	0	0	0
0	0	0	0	0	0	0	-86.94856403	-52.77949159	48.32039063	-39.46080984	0	0	0
0	0	0	0	0	0	0	-84.83134634	-52.8042737	47.15859952	-41.30619526	0	0	0
0	0	0	0	0	0	0	-82.62778949	-52.80430536	45.91879977	-43.15365553	0	0	0
0	0	0	0	0	0	0	-80.33955451	-52.77507459	44.60093265	-44.99740279	0	0	0
0	0	0	0	0	0	0	-77.96840336	-52.71173296	43.20552045	-46.83226868	0	0	0
0	0	0	0	0	0	0	-75.51723245	-52.6091288	41.73432266	-48.65295265	0	0	0
0	0	0	0	0	0	0	-72.98932351	-52.46181896	40.18995405	-50.45467594	0	0	0
0	0	0	0	0	0	0	-70.38929109	-52.26415417	38.57650326	-52.23253218	0	0	0
0	0	0	0	0	0	0	-67.7228591	-52.01035185	36.899448	-53.98171756	0	0	0
0	0	0	0	0	0	0	-64.99653599	-51.69454818	35.16547274	-55.69774522	0	0	0
0	0	0	0	0	0	0	-62.21853188	-51.31101225	33.38305538	-57.37583935	0	0	0
0	0	0	0	0	0	0	-59.39767804	-50.85416789	31.56176444	-59.01156759	0	0	0
0	0	0	0	0	0	0	-56.54437304	-50.31890361	29.71282175	-60.60018565	0	0	0
0	0	0	0	0	0	0	-53.66932656	-49.7005736	27.84822021	-62.13724936	0	0	0
0	0	0	0	0	0	0	-50.7843979	-48.99538702	25.98116527	-63.6180044	0	0	0
0	0	0	0	0	0	0	-47.90120178	-48.20035516	24.12504499	-65.03797235	0	0	0
0	0	0	0	0	0	0	-45.03187332	-47.31373577	22.29377488	-66.39239398	0	0	0
0	0	0	0	0	0	0	-42.18762928	-46.33488587	20.50070769	-67.67678371	0	0	0
0	0	0	0	0	0	0	-39.37953639	-45.26472924	18.75894773	-68.88643457	0	0	0
0	0	0	0	0	0	0	-36.61714793	-44.10547688	17.08031592	-70.01693459	0	0	0
0	0	0	0	0	0	0	-33.90935563	-42.86108604	15.47570535	-71.06374035	0	0	0
0	0	0	0	0	0	0	-31.26319856	-41.53682229	13.95419901	-72.02264708	0	0	0
0	0	0	0	0	0	0	-28.68429686	-40.13959194	12.52353352	-72.89069688	0	0	0
0	0	0	0	0	0	0	-26.17790238	-38.67768108	11.18931883	-73.66187658	0	0	0
0	0	0	0	0	0	0	-23.74713351	-37.16066038	9.955675276	-74.33343117	0	0	0
0	0	0	0	0	0	0	-21.39395299	-35.59891943	8.824672044	-74.90210667	0	0	0
0	0	0	0	0	0	0	-19.11987658	-34.00393067	7.796887759	-75.36490739	0	0	0
0	0	0	0	0	0	0	-16.92529531	-32.38737712	6.871092805	-75.71936144	0	0	0
0	0	0	0	0	0	0	-14.81056516	-30.76145624	6.044786588	-75.96338871	0	0	0
0	0	0	0	0	0	0	-12.77537835	-29.1379547	5.314012217	-76.09547235	0	0	0
0	0	0	0	0	0	0	-10.81975093	-27.52856035	4.673857847	-76.11459349	0	0	0
0	0	0	0	0	0	0	-8.943389932	-25.94396065	4.118373344	-76.02029806	0	0	0
0	0	0	0	0	0	0	-7.146456222	-24.39413135	3.640997542	-75.81268211	0	0	0
0	0	0	0	0	0	0	-5.429323873	-22.88789574	3.234654056	-75.49241175	0	0	0
0	0	0	0	0	0	0	-3.792365687	-21.43256848	2.891910405	-75.06063439	0	0	0
0	0	0	0	0	0	0	-2.236494282	-20.03436377	2.60529803	-74.51906943	0	0	0
0	0	0	0	0	0	0	-0.762486502	-18.69781232	2.367357959	-73.86980527	0	0	0
0	0	0	0	0	0	0	0.628494443	-17.42631992	2.170911409	-73.11545944	0	0	0
0	0	0	0	0	0	0	1.935104323	-16.22181225	2.009024694	-72.25784471	0	0	0
0	0	0	0	0	0	0	3.157240787	-15.08498955	1.875537729	-71.3026215	0	0	0
0	0	0	0	0	0	0	4.293624457	-14.01556182	1.764541159	-70.251826	0	0	0
0	0	0	0	0	0	0	5.343537146	-13.01243943	1.670873402	-69.10924361	0	0	0
0	0	0	0	0	0	0	6.306739699	-12.07359637	1.590006128	-67.87860604	0	0	0
0	0	0	0	0	0	0	7.183109096	-11.19661473	1.518088793	-66.5639782	0	0	0
0	0	0	0	0	0	0	7.97302736	-10.37847829	1.451904166	-65.16924653	0	0	0
0	0	0	0	0	0	0	8.677053881	-9.616046114	1.388866888	-63.69858216	0	0	0
0	0	0	0	0	0	0	9.296220908	-8.905860934	1.326955128	-62.15587851	0	0	0
0	0	0	0	0	0	0	9.831748686	-8.244543525	1.264683455	-60.54528679	0	0	0
0	0	0	0	0	0	0	10.28525844	-7.628605098	1.201021639	-58.87061011	0	0	0
0	0	0	0	0	0	0	10.65853947	-7.054766668	1.135358786	-57.135905	0	0	0
0	0	0	0	0	0	0	10.95369178	-6.519773459	1.067418923	-55.3448374	0	0	0
0	0	0	0	0	0	0	11.17295196	-6.020650353	0.997227919	-53.50134292	0	0	0
0	0	0	0	0	0	0	11.31877619	-5.554520795	0.925032564	-51.60894901	0	0	0
0	0	0	0	0	0	0	11.39372823	-5.118811434	0.851276398	-49.67148675	0	0	0
0	0	0	0	0	0	0	11.40051119	-4.711079253	0.776526038	-47.69238378	0	0	0
0	0	0	0	0	0	0	11.3419179	-4.329177579	0.701457851	-45.67542117	0	0	0
0	0	0	0	0	0	0	11.22081824	-3.971094624	0.626793121	-43.62400269	0	0	0
0	0	0	0	0	0	0	11.04015995	-3.635075294	0.55329129	-41.54185189	0	0	0
0	0	0	0	0	0	0	10.80296748	-3.319550765	0.481711586	-39.43276452	0	0	0
0	0	0	0	0	0	0	10.51229544	-3.023085697	0.412779668	-37.30034107	0	0	0
0	0	0	0	0	0	0	10.17132042	-2.74446824	0.347191425	-35.14874206	0	0	0
0	0	0	0	0	0	0	9.783271633	-2.482582811	0.285572245	-32.98199284	0	0	0
0	0	0	0	0	0	0	9.351813723	-2.236498829	0.228502372	-30.80536814	0	0	0
0	0	0	0	0	0	0	8.879342887	-2.005394162	0.176380898	-28.62127449	0	0	0
0	0	0	0	0	0	0	8.370637198	-1.788558976	0.12966038	-26.43752032	0	0	0
0	0	0	0	0	0	0	7.829136562	-1.585379444	0.088587241	-24.25895939	0	0	0
0	0	0	0	0	0	0	7.259031748	-1.395368871	0.053332569	-22.09237083	0	0	0
0	0	0	0	0	0	0	6.664759157	-1.218090349	0.023947589	-19.9450004	0	0	0
0	0	0	0	0	0	0	6.051305723	-1.053222071	0.000373683	-17.82557999	0	0	0
0	0	0	0	0	0	0	5.424088122	-0.90048339	-0.017570968	-15.74373787	0	0	0
0	0	0	0	0	0	0	4.789306753	-0.759692507	-0.030183088	-13.7110657	0	0	0
0	0	0	0	0	0	0	4.153842933	-0.630703765	-0.037880262	-11.74061577	0	0	0
0	0	0	0	0	0	0	3.525641565	-0.513457711	-0.04119288	-9.847976401	0	0	0
0	0	0	0	0	0	0	2.913605381	-0.407928706	-0.040760996	-8.050811248	0	0	0
0	0	0	0	0	0	0	2.327935227	-0.31416669	-0.037322509	-6.369797431	0	0	0
0	0	0	0	0	0	0	1.779929592	-0.232253782	-0.031696874	-4.828014424	0	0	0
0	0	0	0	0	0	0	1.282108083	-0.162336192	-0.024762099	-3.45138248	0	0	0
0	0	0	0	0	0	0	0.84771053	-0.104587949	-0.017418751	-2.267470901	0	0	0
0	0	0	0	0	0	0	0.49128269	-0.05923037	-0.010545231	-1.306865557	0	0	0
0	0	0	0	0	0	0	0.223087321	-0.02650391	-0.004947639	-0.591352409	0	0	0
0	0	0	0	0	0	0	0.056662031	-0.006671334	-0.001281121	-0.149876887	0	0	0
0	0	0	0	0	0	0	0	0	0	-9.32E-14	0	0	0
0	0	0	0	0	0	0	0	0	0	-9.32E-14	0	0	0
0	0	0	0	0	0	0	0	0	0	-9.32E-14	0	0	0
0	0	0	0	0	0	0	0	0	0	0	0	0	0
0	0	0	0	0	0	0	0	0	0	0	0	0	0
0	0	0	0	0	0	0	0	0	0	0	0	0	0
0	0	0	0	0	0	0	0	0	0	0	0	0	0
0	0	0	0	0	0	0	0	0	0	0	0	0	0
0	0	0	0	0	0	0	0	0	0	0	0	0	0
0	0	0	0	0	0	0	0	0	0	0	0	0	0
0	0	0	0	0	0	0	0	0	0	0	0	0	0
0	0	0	0	0	0	0	0	0	0	0	0	0	0
0	0	0	0	0	0	0	0	0	0	0	0	0	0
0	0	0	0	0	0	0	0	0	0	0	0	0	0
0	0	0	0	0	0	0	0	0	0	0	0	0	0
0	0	0	0	0	0	0	0	0	0	0	0	0	0
0	0	0	0	0	0	0	0	0	0	0	0	0	0
0	0	0	0	0	0	0	0	0	0	0	0	0	0
0	0	0	0	0	0	0	0	0	0	0	0	0	0
0	0	0	0	0	0	0	0	0	0	0	0	0	0
0	0	0	0	0	0	0	0	0	0	0	0	0	0
