1.11357 -0.82033 -0.38651 -0.03811 0.05284 0.41936 -0.43322 0.16253 -0.41643 0.39796 -0.05166 
0.42286 -1.24359 0.83696 -0.37348 0.20035 -0.21056 0.11777 -0.01904 -0.00954 0.14152 

0.42643 -0.41901 -0.07999 0.21683 -0.30298 0.28432 0.12053 -0.27234 -0.06940 0.31503 -0.21943 
0.21663 -0.23469 0.20610 0.21791 0.29147 -0.64729 0.06285 0.31073 -0.24585 0.23605 

3.95358 -0.52310 -3.66411 -1.23868 1.44756 1.78667 -0.93808 -0.81828 0.01337 0.02827 -0.04720 
3.22102 0.46887 -2.42292 -1.87082 0.89441 1.25437 0.21182 -0.45032 -0.44153 0.06167 

17.86618 -10.46864 -8.71390 5.88399 -7.22419 2.86579 1.72676 -2.13984 -2.44257 -1.19828 3.84470 
-17.57402 9.60896 -2.09677 -0.71235 5.16648 -4.41369 -1.00057 -0.28833 3.48995 -0.88870 

-8.35908 -1.88784 4.64909 3.18054 -0.56748 1.16508 0.16597 0.11525 2.34854 0.01993 -0.83000 
2.82797 0.78887 -2.14033 -1.08339 0.70995 -0.49312 1.79114 -0.18806 -1.71134 0.38032 

19.77569 -7.03759 10.85136 -5.25919 -14.46698 -3.53824 5.28668 -2.74037 -3.55536 -0.54367 1.22767 
13.07911 -3.73190 -12.01124 -0.04863 8.32336 -0.41452 -4.26492 1.17941 1.42536 -0.47442 

10.12510 -2.37854 -14.12258 0.66470 6.33765 1.53375 -3.82087 3.36182 -5.24089 1.78598 1.75390 
-18.18063 9.34934 5.93284 2.58970 -5.51658 1.63897 -1.12332 -1.62328 5.18992 -3.65460 

-4.97102 7.90401 -9.14276 -3.40391 11.34131 -5.29563 1.62714 3.20281 -4.54749 1.05684 2.22870 
-3.14161 -7.36255 13.91028 -2.38901 -4.79224 5.84578 -4.62880 -0.53132 3.34016 -1.41790 

-0.38252 0.26270 0.75466 -0.38036 -0.67107 0.75356 0.47058 -0.62409 0.17076 0.22029 -0.57451 
0.57446 -0.21629 -1.35788 0.50131 0.73061 -0.61641 -0.26686 0.54764 -0.43083 0.18075 

27.38005 -25.86819 -6.10678 12.38122 -15.55863 9.50687 -1.96968 1.34789 -6.40154 1.00834 4.28046 
-7.47344 -6.00477 10.23473 -6.57691 7.66948 -5.78858 -1.32664 1.36919 1.39833 1.37815 

14.85932 -6.19906 -5.37960 -0.96951 -0.42521 0.64261 -1.71546 0.94566 -3.90487 0.71487 1.43122 
-2.10739 -5.01826 6.84806 -0.59262 -0.14884 -1.10996 -0.67400 -0.49876 3.08832 -1.51495 

18.51691 -6.13637 2.49113 4.37150 -19.15516 -1.75443 7.17171 -1.83423 -6.97389 1.61938 1.68347 
10.01218 -7.60031 -10.96930 4.56719 5.68495 -2.16728 -2.77516 0.88462 0.22903 2.43702 

16.86731 -14.30982 -11.08500 5.53075 3.43328 -0.60535 3.19167 -1.07041 -5.23077 3.57914 -0.30081 
-3.24017 -5.33803 10.92744 4.57878 -6.96601 -0.13171 2.91794 -7.18959 10.00768 -6.51962 

-13.89474 11.42014 -0.80391 -12.52356 15.82773 -1.81562 -0.73873 2.86638 -1.08307 -1.95705 2.70244 
-6.63805 -8.02180 17.50096 -9.81625 0.54576 9.11330 -12.28300 1.80437 6.39999 -5.57109 

-3.81679 0.67290 -0.47329 1.57713 0.88375 0.16482 -0.17936 1.02270 -0.41951 -0.08073 0.64838 
-0.17506 -0.38200 0.73691 -0.02826 0.39312 -0.72264 -0.07308 -0.01373 0.03237 -0.08330 

-1.73067 -2.43880 6.08519 2.27624 -4.37357 -1.84798 1.74662 1.37053 -0.37238 -0.50304 -0.21215 
-7.58788 -2.04439 6.06068 2.07122 -3.29463 -1.77253 1.30831 1.04657 -0.44591 -0.24924 

