6.16960 -2.04101 -2.68383 -4.12872 -0.29096 -0.09347 1.88506 -0.72775 -1.53704 4.24706 0.36024 -1.35516 3.07392 -1.83579 -2.14410 0.10510 -0.64290 -0.99037 -0.12368 0.82321 -0.13159 -0.13283 1.11306 -0.57871 0.16845 0.53885 -0.43119
-20.67289 12.00459 0.01560 5.73608 0.79559 1.49146 1.75827 -2.15762 2.02966 -3.13487 -2.37200 2.03696 -3.53940 1.63151 1.71546 1.74004 1.27399 1.23886 0.43130 -1.32051 -0.00187 0.15456 -0.85435 1.37760 -0.55833 -0.12577 -0.04608
-9.35729 5.86698 2.03051 1.08358 -1.07234 -1.83062 -0.67553 -2.08528 0.53397 1.57649 -0.20803 0.97794 -1.57270 1.21958 1.09888 1.00210 0.87793 0.91863 -0.20200 -1.01479 -0.68856 0.15950 2.59271 0.48869 -0.74160 0.99450 -3.75972
21.42913 -3.15679 2.91314 -9.66483 5.70571 -8.31296 3.06366 -5.94894 5.30030 -9.43168 0.34971 -1.26491 -6.11459 4.08459 -1.45997 1.52839 -1.13743 2.18793 -2.05784 2.08443 -1.17733 1.93085 -0.93284 2.11881 -0.36643 2.41598 0.30061
-33.54824 8.19563 -0.29981 4.57093 -0.49746 4.42265 -0.92961 3.37634 -2.86544 3.98283 -1.54591 1.74915 -0.59015 1.25787 -1.38938 1.30100 -0.57029 1.04696 0.35668 0.78214 0.46736 0.92210 0.31416 1.22298 0.37492 0.71764 0.57215
39.11957 -6.92382 2.89971 -9.96087 5.53168 -5.59345 4.17765 -3.17580 6.84731 -7.34768 0.46929 -2.04391 -5.81137 0.85342 -2.52610 -2.60738 -1.35031 -2.27646 -1.99972 -0.47346 0.16509 -0.85086 0.79738 -0.11684 0.65291 1.39755 0.57392
35.11696 -12.63219 -4.92147 -7.40839 -3.08890 -5.38230 -0.62297 -4.35601 1.21216 -2.55452 1.80390 -0.83346 2.28819 0.04190 2.07115 0.56614 1.12760 0.48209 0.10354 0.23128 -0.59307 -0.51021 -0.35836 -1.57638 -0.72849 -1.18492 -0.71567
-17.38595 -1.12307 -2.07480 1.66966 -2.56951 2.63400 -0.57856 2.29426 -0.07995 2.66412 0.67042 2.03634 1.01602 1.66301 0.68015 1.43074 0.37850 1.21844 -0.18347 1.13232 -0.31327 0.99254 -0.16336 0.43180 0.00623 0.34179 -0.36239
1.05743 0.34183 0.31755 -0.07504 0.36703 -0.15335 0.10277 -0.11188 -0.05487 -0.21341 -0.21600 -0.14966 -0.25741 -0.17993 -0.20576 -0.15811 -0.08747 -0.16412 0.03084 -0.12435 0.06927 -0.09055 0.04185 0.01150 0.01768 0.00964 0.06678
88.88108 -57.99503 5.35712 -33.65785 -3.32701 -15.79787 -3.09655 -1.22239 2.62569 2.35710 5.67577 4.38957 1.61389 1.71646 0.36354 0.18905 -4.38713 4.34187 -4.86472 0.82518 -3.20118 4.87055 -1.63223 5.31913 3.64108 -4.21685 3.37528
12.07589 5.23130 9.70876 4.43381 0.66026 -7.66592 -2.11404 -3.35589 -0.18392 -11.74943 1.44595 -0.56654 -2.73524 0.75729 5.85941 0.06763 0.53760 1.60243 -0.24119 -0.18529 -2.33653 0.19387 -2.04908 -1.29965 -1.55238 0.46051 1.02869
68.31732 -42.84731 -16.31733 -24.74799 0.20619 -9.53899 6.18746 9.12620 7.65121 1.70636 3.16722 0.15508 2.98200 -5.33969 -2.64595 -5.10589 -9.72007 -4.00446 -2.98534 6.09403 -2.09112 3.93692 2.89412 -6.50212 2.22431 8.75054 0.72841
-15.35940 29.31898 6.54943 9.91150 0.80756 -4.72040 -2.36672 -12.78400 -4.86343 -8.75498 -3.02605 -2.60585 2.59059 2.92850 4.19602 5.30396 4.52364 2.52807 1.72156 -1.00513 -2.02480 -2.48225 -4.32103 -1.47796 -2.47914 -0.80103 0.71091
-13.50954 5.11244 11.23470 2.59904 -9.20578 4.13288 -7.52308 -4.29604 -3.15914 4.49644 6.55913 -0.76401 4.04427 2.84746 0.49767 3.42533 3.34902 4.52524 -3.96012 -3.16754 -1.38204 -1.68188 -0.74434 6.28601 1.81391 -10.00584 1.52999
-0.36322 -1.54712 -0.94457 -1.31388 -1.41673 -0.16445 -0.90357 0.63743 0.13576 0.41027 0.81442 0.29975 0.72956 0.56576 0.22675 0.47762 -0.11088 0.43785 -0.42936 0.55765 -0.32610 0.16832 -0.01986 -0.17439 0.07214 0.00839 0.01981
-9.97539 -0.78358 3.43697 -1.36155 1.28868 -0.35694 -0.34099 0.37985 -0.13185 1.01893 0.30593 2.59899 0.56228 2.42809 1.83076 1.84491 1.00915 2.10857 0.72454 0.83223 0.00200 0.78640 -0.71298 0.97358 -1.07445 -0.49409 -0.17035