3.72587 -1.20258 0.36016 -1.18298 0.04926 0.63416 -0.01011 -0.72867 -2.45701 1.20976 1.18436 -0.19014 0.48617 -1.62411 -1.21408 0.40578 0.36952 0.07347 -0.20962 -0.48784 -0.00926 -0.11084 0.82315 -0.34651 -0.36242 -0.17538 -0.09613
-17.01712 7.69844 2.17684 4.03178 -0.74774 -0.83231 -0.26903 1.93111 6.87629 -2.83337 -2.72708 1.11051 -1.62470 3.96212 2.55867 -0.73553 -0.51030 -0.02644 0.37630 1.50334 0.27405 0.02290 -1.73292 0.61645 0.80154 0.56813 0.18117
1.49808 -2.45151 -2.41600 0.02207 -2.83562 -2.18956 1.68437 -3.00412 5.45058 -0.66092 -0.35560 3.30755 0.04880 4.88342 1.67838 -0.05759 -1.54468 -0.92052 -0.47600 1.20053 -0.42775 -1.13223 0.45441 -1.82845 -0.18354 1.33325 0.43210
51.31025 -27.03682 -22.56595 -16.47921 -0.63986 -10.07803 -3.38167 -7.50245 7.15113 -4.24397 0.35558 0.05254 3.53678 1.96003 0.59463 1.39291 1.19757 2.27205 -3.31910 3.74343 -1.34292 2.57564 -1.51439 1.65105 0.46096 0.38258 -0.14604
-20.52053 0.31814 0.84762 5.70276 -3.49217 4.55447 -0.76677 2.63254 -1.14390 0.38180 -1.20680 1.65447 -1.48066 0.29276 -1.02714 1.08254 0.32515 0.77795 -0.35744 1.28791 0.80434 0.60560 0.80110 0.45323 0.01591 0.77638 -0.28548
43.81462 -14.75931 0.44345 -10.10551 -9.04332 0.86586 2.11449 -4.58255 -0.08885 -1.23712 5.48153 -4.60799 0.26371 -3.44473 1.10619 -3.05074 -3.70131 0.17254 -1.59199 0.64902 -2.30433 -0.05118 2.28816 -1.44488 0.57420 -2.21805 1.54881
37.09173 -15.69454 -11.76748 -14.07641 5.92901 -7.41225 0.37550 -3.05103 1.82130 3.96905 5.91933 0.65962 4.82104 -0.03366 -1.64950 2.44511 -1.07061 1.69072 -1.16619 -1.42397 -0.44295 -1.54194 -0.29398 -1.61271 0.09347 -1.00973 -0.47477
-17.98949 -0.07497 -0.49967 1.57615 -0.79463 0.62038 -1.87350 2.72680 -1.21715 1.80909 -0.65652 2.35411 0.52395 1.17987 -0.44390 2.19692 0.49932 1.43818 -0.10628 1.50906 0.54207 0.95232 -0.34182 0.92675 -0.03097 0.77484 -0.65871
0.90435 0.43382 0.17471 0.15299 -0.10231 0.22990 0.27528 -0.26066 0.08001 -0.21619 -0.00448 -0.32414 -0.22096 -0.08154 0.08104 -0.28215 -0.07770 -0.17296 0.12482 -0.15105 -0.06012 -0.09224 0.10675 -0.07437 -0.02076 -0.06575 0.11516
75.21217 -46.21348 -4.11681 -31.93138 -5.80812 -14.92924 -6.11803 -4.58952 -5.52773 5.52243 5.11226 2.48970 8.20751 1.96483 4.55362 2.10693 -1.43719 1.48444 -0.73417 2.41026 -2.98555 4.95123 -6.02895 2.19868 5.03205 -0.67705 1.32989
23.88290 -3.25195 -2.85394 -5.22168 -0.15352 -8.95602 0.96281 -0.17682 2.89521 -6.78032 -1.36574 -0.39357 -1.72409 3.78573 3.71583 -2.57614 0.14893 -0.43824 0.80504 -0.18148 -0.81173 -0.08206 -1.38778 0.18775 -0.61018 0.20189 -0.11284
69.85469 -39.97846 -14.60604 -18.66173 -15.33190 -3.22181 -3.10110 -1.26929 -0.90952 7.47737 9.45879 -3.16871 11.16368 -11.42170 -5.25595 1.19160 0.43100 0.09489 -10.80829 1.94128 -3.23129 0.71035 11.61114 -2.07847 -8.97302 -1.47002 3.95677
34.92181 -14.37642 -21.31113 -4.51104 -10.43567 -26.48301 4.41389 17.23882 30.12814 -21.08046 -10.71694 4.01587 -10.58287 22.30856 14.14347 -5.57562 -7.50167 -1.92735 1.69798 0.58229 -1.14580 -2.65870 -1.33948 -2.99717 -1.02975 0.54241 0.10427
-17.54586 6.91822 -0.71535 -3.14697 0.68202 -8.83406 -0.54786 8.59185 6.42117 -1.37644 -3.50774 3.45125 -1.80078 8.72204 8.13290 -2.81680 -5.52980 0.33697 2.94282 0.94584 0.14494 3.06769 -8.30337 1.35782 9.01893 0.32846 -0.85925
-2.19757 -0.56645 0.50168 -1.11942 0.47625 -0.22036 0.05073 0.10534 -0.57518 1.31510 0.72382 0.73387 0.65155 0.13108 -0.18809 0.50109 0.13551 0.38888 -0.26831 0.21582 -0.14045 0.30569 0.03013 0.15230 -0.13919 0.25464 0.03573;
-5.31125 -4.70700 -2.71440 -2.36435 0.16709 -2.30408 2.47239 0.34901 3.69679 0.95605 0.27911 2.81345 0.71201 4.10511 2.03518 2.12348 0.06685 0.95299 0.18392 1.15304 -0.26024 0.86271 -1.11759 0.45076 0.03571 0.92006 0.04928