-0.31779 -1.06757 -5.42948 3.82302 1.95919 1.17848 1.99424 -1.39982 -0.25518 -0.32884 2.01370 -0.95291 -0.52407 -0.72301 -0.96882 0.02284 -0.17320 -0.23717 -0.41100 0.22858 -0.78248 -0.39721 0.03042 -0.30635 -0.26178 1.21460 -0.80089 -0.81985 -0.56919 0.91786 0.31096 0.53637 0.17482 0.16814 0.26578 -0.29958 0.57912 -0.33959 0.22678 -0.38300 0.16357 -0.38020 -0.16288 -0.13700 -0.00683
-0.78307 -6.75155 -1.90205 -2.48084 -5.95053 2.76055 -6.96599 1.83860 -0.40449 3.83661 -0.69956 1.94028 3.05268 0.18735 2.67576 -1.32563 0.96053 -0.95346 1.56700 -0.04496 -0.27445 0.22916 -0.51941 1.11146 0.09184 -1.12938 0.91293 2.25435 1.14626 -0.71922 -0.34024 -0.30253 0.21915 -0.02786 -0.31100 -0.05919 -0.26941 0.14995 -0.44600 0.16577 -0.15473 0.09641 0.41294 0.00720 -0.15102
-9.57855 -2.72605 -0.51798 8.98027 2.08937 3.90311 2.91119 0.00175 0.71458 -1.21366 -2.06551 0.02646 2.15101 -0.27332 -1.62727 -1.17485 -0.22519 1.03640 2.27996 1.20894 -0.04059 -0.49735 0.13137 -1.93925 -1.12743 -1.34311 2.32094 4.93889 3.43355 0.08311 -3.47246 2.80064 -1.57641 -2.33643 -0.25914 -2.32093 -0.65674 -0.72940 0.49324 -1.76761 1.89941 1.37201 3.06845 1.54893 0.62533
104.84757 -62.67252 -18.70991 -31.25859 -15.56244 -16.59521 -12.27234 -6.09875 -9.74683 4.71763 -3.06135 -2.82033 11.97988 0.00376 7.16079 -1.17460 6.57381 -7.13919 6.17100 3.90079 -0.63885 6.10868 -1.02078 6.04710 -3.05552 0.28090 0.82567 7.36745 5.49353 -1.12142 -5.42847 0.57794 -1.45286 -3.70910 -1.78510 -0.35409 -4.58993 0.67161 -2.55590 0.30893 -0.09397 0.05808 2.89697 -1.94664 2.32942
-21.65827 2.73617 20.65494 -1.28255 3.53412 4.26715 -3.96466 4.07274 1.10234 0.86348 2.37237 5.50972 2.93701 3.01347 1.61185 -1.17766 -1.14104 2.82428 -2.06939 -0.25556 -1.59959 2.19109 -1.42711 1.81323 0.50479 2.28210 -1.52300 -3.29245 -2.47346 -0.38364 1.47180 -1.11367 -1.13764 1.09389 -0.81417 0.29207 -0.28812 -0.75278 0.53900 -1.06827 1.85901 -0.04671 0.99625 0.07218 -0.38346
56.11200 -24.14681 -6.16299 -12.01458 -1.97940 -10.25906 -2.69931 -7.97160 -2.64547 0.01146 0.99471 -3.43602 7.15062 3.65804 7.33561 1.35734 4.21365 -3.28423 0.81832 -0.33154 1.65233 -0.32957 3.31135 6.78289 1.83300 9.27013 -5.87691 -8.17075 -3.00965 2.75385 5.82215 -0.94190 -4.05375 -0.54047 -4.70827 -0.12919 -2.27764 -3.38042 -2.42621 -2.00489 1.69872 -2.16708 0.79219 -0.83762 -0.16166
-12.96921 10.80219 0.08634 9.84520 6.17558 4.15064 3.36265 -1.25493 -0.77592 -1.51673 -4.81533 -1.95100 -5.19997 -0.03112 -6.38546 -0.04460 -3.41927 -1.48615 0.41150 -2.48432 1.34177 -2.95176 1.26698 -4.48242 0.48407 -2.50005 1.95399 0.20571 1.55007 0.47805 1.37141 0.20317 2.65769 0.82804 2.75627 0.00571 0.93632 0.75787 -0.68761 1.46709 -0.56340 1.69860 -0.67603 1.23002 -0.73468
8.20490 -8.67064 9.74191 -13.70232 -5.33189 -1.68944 -7.70038 1.41801 -0.49379 -0.41224 0.69408 4.53300 2.88485 -0.21515 2.79738 -0.65148 -0.01966 1.88994 1.22678 1.34127 -1.26216 4.03722 -2.03979 2.09189 -0.47612 -1.27671 -0.05848 2.94836 1.52030 -1.22630 -2.74228 0.47476 -0.61204 -0.69265 0.09584 0.16392 -1.51916 0.87881 0.18220 0.22040 0.91401 1.00613 1.19768 -0.67165 1.14020
0.36567 0.03073 -2.20811 1.04190 -0.10827 -0.30833 0.78871 -0.13365 0.24724 0.04045 0.26485 -0.56898 -0.15823 -0.04737 -0.09651 0.16707 0.23646 0.06752 -0.07790 0.17427 0.12801 -0.21905 0.13246 -0.05614 -0.01869 -0.07393 0.01484 0.02060 -0.20270 -0.01533 -0.07251 0.04776 0.02189 -0.01767 -0.03570 -0.14335 0.13652 -0.14240 0.07668 -0.05665 -0.13319 -0.18293 -0.01303 0.00980 -0.04366
104.28169 -42.35108 -6.10588 -26.11387 -1.75293 -22.01343 4.75905 -15.14716 -1.03668 -8.25937 -1.57195 -10.54006 6.21770 -5.06181 -0.51418 -0.33227 2.57065 -3.71402 3.40596 5.34933 0.35292 6.51585 -0.99682 3.97342 -3.20658 0.61411 -0.29231 8.42218 1.72493 2.49655 -6.91453 3.51919 -2.57163 -0.96787 -0.45369 0.62796 -2.82076 0.63155 -1.75857 0.52830 -0.18637 -0.69356 1.94828 -1.76564 2.66947
16.10889 1.31071 -10.94909 2.96355 -3.43742 -5.64930 5.19602 -2.12861 0.09735 -0.14127 -5.57608 -5.65387 -3.16835 -2.11310 -1.81824 0.89727 1.08179 -2.41679 2.13315 -1.97128 1.81121 -2.81795 2.52056 -2.91245 -0.19179 -4.94872 1.63040 2.94034 1.76004 -0.73076 -2.66273 1.56220 -0.28367 -0.19807 -0.20544 0.78717 -0.33042 2.04351 -1.02297 1.93992 -1.80844 0.62707 -1.16228 0.50153 0.09818
51.65949 0.88643 17.98311 -15.55414 4.49614 -17.09582 3.54685 -13.42672 1.91595 -15.33760 -4.76898 -1.45405 -1.34939 5.12362 2.71644 -2.40389 3.89721 -1.77472 -4.01374 1.61976 5.61149 -0.57880 0.27763 5.37631 0.67571 10.60358 -2.73941 -4.96099 -6.46766 6.23037 5.06308 -4.14819 -6.31773 6.00197 -9.46808 8.20301 1.15939 -3.05172 5.66495 -6.68604 3.83114 -7.10991 -1.70733 -2.12195 -2.78508
-25.94107 10.30272 -3.59941 15.59731 2.58465 11.52049 2.03854 6.63774 0.16193 4.33380 -0.98253 -1.20206 1.18957 -1.42696 -1.85476 -4.34151 -1.84576 -6.05761 0.50374 -4.87746 -0.60557 -4.06860 -0.01343 -5.19662 -0.36488 -4.32064 2.77266 0.69687 1.81807 -1.96787 -0.47276 -0.11508 1.88152 1.46002 1.54199 1.14235 -0.43820 1.86604 -0.99309 1.86500 -0.88515 2.24914 -1.19132 1.84400 -1.68440
5.24947 -11.03360 -12.30549 -3.40969 -9.18379 2.10620 -1.45470 1.45606 -1.32865 1.45587 7.83223 -4.07904 9.11404 -6.85641 1.43379 2.46849 -3.96206 -0.11485 0.65732 -0.16779 -4.40518 5.08286 -0.69601 1.95465 0.39580 1.86921 -4.49355 -1.02860 0.80180 1.71731 -1.13792 5.97662 2.02844 -3.23450 6.92396 -7.85041 -2.46168 -0.60067 -6.80684 4.94731 -0.11636 4.46390 3.32345 -0.37240 3.81879
-1.90889 1.53083 2.68820 -1.02558 0.55422 0.18350 0.00982 -0.60370 0.31006 -0.95779 -0.28330 -0.01971 0.18637 -0.00619 -0.08270 -0.02576 -0.71288 -0.02705 -0.26871 0.03984 -0.13982 0.32536 -0.16741 0.27821 -0.01935 0.50064 -0.31349 0.01360 -0.06589 0.39312 0.19490 0.26009 -0.09593 0.29984 0.11649 0.31802 0.02561 0.08438 0.02841 0.03732 0.14780 0.19476 0.01184 0.11514 -0.03155
-12.71747 -3.89079 3.38055 3.13147 4.19419 2.35379 3.30690 0.62344 1.08294 2.29360 -1.52903 0.25785 1.68610 0.91486 -2.61317 0.81294 0.25201 -1.30930 2.30764 2.25079 0.23582 1.10438 -0.40051 -1.13987 -1.52910 -3.63558 1.63579 4.75788 3.07278 -0.62507 -3.23820 1.25531 1.02629 -1.37459 1.85580 0.70345 0.13459 1.69696 0.25632 1.11557 -1.05541 1.23315 0.05730 0.18723 0.60797