3.53883 0.07603 -0.36273 -0.45986 0.81114 -0.76354 0.10484 -0.33403 1.08739 -1.30085 0.68157 -1.40606 1.12333 -0.92274 0.00471 -0.23149 -0.18131 -0.62563 0.13499 0.89425 -1.04557 1.03024 -1.02025 0.36367 -0.76014 0.16030 -0.69638 0.25725 -0.04595 0.07264 0.71661 0.04097 0.42260 0.08366 0.28772 0.06204 0.32735 -0.07912 0.03113 -0.20271 -0.16830 -0.25385 -0.17203
-11.88833 -5.94468 -3.36830 4.75338 -4.16205 6.36890 -0.70836 3.10651 1.25888 2.09671 1.23098 1.39095 -1.36454 0.50302 -0.63252 1.06835 -0.19295 -0.29756 0.83535 -1.83237 0.79710 -0.57658 1.98331 0.27896 1.81043 0.88094 1.40390 -0.15895 0.25001 0.33564 -0.87797 0.29479 -0.76595 -0.79851 -0.18150 -0.21950 -0.22332 -0.05102 -0.96834 0.15434 0.05495 0.53500 -0.06896
-13.27427 8.54491 1.93052 1.45718 2.21504 2.49664 1.81668 2.14656 -1.89350 2.33977 0.82760 -0.82484 -2.30046 -0.17584 1.35580 -2.67465 0.46937 1.57583 -4.87962 -2.00428 0.94521 -1.55293 1.80353 1.88215 0.92140 1.04817 2.36210 0.96416 -0.52113 -2.54866 -0.56150 2.36989 -2.14868 1.30720 -0.20247 0.52109 -0.55482 -2.23971 1.45385 -0.71897 2.47066 -0.63940 -3.82244
41.38687 -37.93579 -24.54261 -7.92451 -18.11788 5.54089 -6.78240 5.25725 9.74191 -5.66594 -3.17912 -1.64487 -3.12185 -0.58159 -7.70694 1.43638 0.52067 -8.45930 11.03967 0.76785 -4.29760 5.08162 -1.42905 -0.09648 3.24080 -1.64657 1.22601 -2.38201 -0.86992 2.23994 0.70949 1.12641 0.17494 -0.29411 2.07465 0.39425 0.95865 1.96428 -3.65266 1.79708 -1.28748 -0.36164 1.62337
-15.98376 -3.46299 -0.75397 2.38753 3.68938 3.17992 2.80816 5.21577 6.79436 1.96597 -1.08375 2.30150 1.60119 2.21743 -5.31423 -1.32344 -0.79780 -4.66581 3.41264 4.09142 -1.75242 3.49163 -0.86806 -0.67104 1.07358 -1.88790 -2.33729 1.43125 -0.15283 0.55202 1.51759 0.33693 0.16323 -0.61356 -0.16252 0.30125 -2.19919 1.14879 0.84491 -0.16138 1.46437 0.14845 -0.51364
47.57043 -27.72317 -11.32948 -8.63879 -3.81904 -1.47709 -6.69872 5.51968 13.37045 -4.88638 -9.20200 3.18987 2.70564 -2.06369 -10.67211 0.30718 -5.97007 -11.16075 16.15787 5.11972 -5.93241 6.05435 -4.78200 -4.87964 0.46175 -4.07851 -1.86332 -3.25936 0.64658 0.17125 2.81667 -0.24372 0.19536 -0.32678 2.19681 0.98617 1.30005 0.58265 -2.28868 0.06565 -1.43905 -0.82905 0.64346
21.43055 -5.17881 -2.06849 -6.88464 -0.42389 -5.23167 -3.52872 -4.57378 -1.21072 -5.01696 -1.54624 -1.33886 2.45818 -1.04284 2.88326 1.86287 2.37571 0.71012 2.71095 1.65738 0.86417 2.28403 -0.00546 0.30538 0.45804 -0.00368 -0.70235 1.75613 -0.55436 0.52509 0.23304 0.40201 -0.09477 0.48126 -0.46485 0.31991 -0.41465 -0.37936 0.24220 -1.15607 -0.19818 -0.92807 -0.20437
-14.94214 1.91725 2.16051 0.17648 0.09316 1.10804 0.94417 -0.12797 -0.28146 0.95978 0.45228 0.46502 -0.83453 1.22375 -0.37725 0.49663 0.45865 0.83123 -0.91399 0.53932 0.09578 0.73140 0.47610 0.70567 0.30749 0.31486 -0.18386 0.92005 -0.01453 0.63658 -0.14938 1.03123 -0.15412 0.62007 0.07033 0.50089 -0.46520 1.02635 0.07962 0.64693 0.61585 0.21858 -0.06738
0.79605 -0.49415 -0.54637 0.01209 -0.06406 -0.11619 -0.17534 0.25746 0.14631 0.08132 -0.09675 0.05819 0.07330 0.02238 -0.13986 -0.02419 -0.09379 -0.21313 0.16377 0.03672 -0.04136 -0.01606 -0.05287 -0.02841 -0.00379 0.01534 0.01256 -0.09350 0.03438 -0.03768 0.04627 -0.08407 0.01865 -0.04924 0.01261 -0.04654 0.04430 -0.08339 -0.01517 -0.02206 -0.06961 0.02906 0.00203
74.32824 -17.25820 5.83249 -16.17225 0.46094 -13.53456 0.76012 -11.79281 3.31104 -12.97052 0.43407 -7.92967 0.44402 -6.91844 -1.20886 -2.97548 -0.79929 -2.33444 3.69911 -0.01478 -4.88480 1.06185 -4.00913 -1.18985 -2.27889 -0.22073 -1.99520 -1.62235 -1.61515 4.04066 0.10831 2.17801 -1.12487 2.98402 -1.14568 4.49057 1.95025 2.79596 -3.37254 2.51326 -1.62167 0.54152 2.81241
15.56692 4.67235 5.72860 -2.83860 -3.94873 -0.83531 -1.93145 -4.56866 -6.15280 -1.79134 2.01402 -2.00486 -2.28722 -1.61599 5.90951 -1.95590 3.36044 2.64646 -4.16203 -5.27640 4.88001 -5.49166 2.86656 0.28930 0.08351 0.97520 1.51193 -0.18081 -1.77329 0.07296 -3.25474 -0.02825 -1.33723 0.32866 -2.30690 0.34397 -0.66688 -0.02439 -0.52755 0.78691 -0.75419 0.92943 -0.21060
61.97777 -6.12250 19.28804 -17.98558 16.47785 -23.77700 -5.40013 -9.54699 -0.75460 -5.65708 -8.64282 -1.26268 5.71099 -4.27954 -7.91247 -0.87867 -6.27315 -5.06909 10.68047 6.05261 -5.46371 4.48437 -8.14676 -4.63446 -4.81010 -2.45481 -6.22560 -0.41767 2.66867 0.72524 5.68018 1.08843 2.62949 4.54143 2.30964 5.82418 4.71914 0.15966 0.86942 -1.48606 -2.02451 -1.28157 -3.17640
-6.54557 -1.23444 -6.99862 2.87386 -6.05609 9.99722 -1.16728 2.48196 5.02655 -0.04273 1.73410 0.48258 0.33908 -0.12260 1.78252 -0.50696 4.79018 -5.62734 0.82090 -3.32179 3.21882 0.30279 3.89111 -0.37831 3.92955 -0.19569 0.50980 2.80331 -2.65211 -0.34489 -2.81562 -0.29960 -1.78075 -1.51988 -2.91230 -0.98424 -3.29907 0.54246 0.25906 0.76935 -0.07137 0.87050 -1.24340
-16.41731 -6.11748 -12.44022 9.10762 -9.70902 10.29346 1.64001 3.27495 9.04645 -3.42153 2.58471 -1.74357 0.87980 -0.73876 -1.78017 0.67717 -0.56859 -2.60793 0.98111 1.07109 -4.37200 3.87456 -0.91685 0.24976 2.81052 -1.95995 0.41446 -0.34971 -0.94138 1.35781 -0.01038 0.92070 -0.23984 -1.29575 -0.22918 -0.86488 -2.99989 2.43366 -1.91946 2.24320 1.90827 0.01290 3.30607
-1.41858 1.55929 1.54790 0.20465 1.05304 -0.36188 0.05824 -0.19651 -0.04046 0.06326 -0.36412 -0.04692 0.31107 -0.39454 -0.20161 -0.16812 -0.38025 -0.13411 0.00836 -0.00669 -0.20267 0.09408 -0.25208 -0.11417 0.00582 -0.07410 -0.22202 0.31362 0.01355 0.05441 0.02603 0.16114 -0.16273 0.20746 -0.17276 0.08315 -0.24298 0.05056 0.01290 0.04298 0.07986 0.08101 0.02313
-19.61033 6.51280 4.11747 1.69478 -0.55795 3.99587 2.60508 0.63500 -3.14488 2.37977 2.00304 -0.30812 -3.79554 0.01759 2.58688 -0.98711 2.00801 4.57181 -5.05844 -2.67736 1.66455 -2.23128 1.38431 2.15585 0.74283 1.40910 1.71001 1.23470 -0.61140 0.67795 -1.33684 0.24754 -0.18276 0.45433 -0.72545 -0.84074 -0.73150 -0.02826 0.01353 0.37631 0.38790 0.31980 0.91747