3.68754 -0.20330 -2.63692 -2.27699 0.71528 0.07735 -1.00443 -0.82618 1.31335 -0.21319 -0.47461 0.53994 1.41672 -0.22060 -1.15794 -0.15725 0.86953 -0.95656 0.28765 0.81717 0.62276 -0.24883 -0.88037 0.23385 0.02285 -0.18830 -0.44996 0.02900 -0.01033 -0.04826 0.06675 -0.04540 0.48163
-24.28793 3.82014 7.11083 12.85063 3.85368 1.62398 3.48484 3.76381 -1.85872 0.67591 1.59819 -1.28675 -4.96755 1.96126 0.95441 -1.25895 -2.60731 0.54776 3.32127 -0.88232 -1.69222 0.64074 0.21076 1.02476 0.25399 0.29536 0.85820 0.34207 0.01719 0.21502 0.48236 -0.04549 -1.49909
-8.87449 -0.25403 0.94229 6.09494 1.01521 1.78649 2.05640 -1.14385 -2.22641 2.41959 -1.40728 -0.71977 -0.68372 0.82567 -0.48576 -0.38287 -1.91596 -1.35744 3.86880 0.22378 -0.60727 0.85260 -0.19305 0.34619 1.10127 -0.32725 -0.00619 0.81876 -1.30770 0.75859 1.30319 -1.06692 -0.26522
18.41775 -21.91226 3.34512 8.70716 -8.28066 -14.13956 1.31961 3.77455 -12.56300 -4.16200 2.58356 0.67874 -10.48985 3.98202 5.51778 -1.53095 -3.99062 5.40385 5.38710 -3.46147 -0.29276 3.70316 1.56806 -1.83954 0.49572 1.73883 -0.26328 -0.19405 -0.67193 -0.11667 -0.52825 0.95043 -1.71701
-14.34383 3.20879 -4.10803 -5.36533 -0.72783 3.42982 -1.33053 1.44378 3.36337 1.81626 -0.71631 3.68082 4.29219 1.03216 -2.33247 3.13913 1.64687 -0.89611 -1.59976 2.89475 0.18429 -0.47658 -1.75595 0.62916 -0.04871 -0.18649 -0.98737 -0.20991 0.54796 0.56917 -0.15602 -0.36562 1.61671
24.99363 -10.37591 10.62355 7.56214 -5.76036 -7.43375 5.00265 1.88282 -6.57693 -5.27683 3.53003 -1.40438 -6.38935 -1.18217 2.47942 -3.75678 -2.68796 0.74948 3.23972 -4.15178 -0.05410 1.79209 1.05042 -2.73451 -0.13018 1.06677 0.22713 -1.25193 -0.37452 -0.22493 0.02386 -0.25396 -0.53942
27.34108 -18.95178 -9.43176 10.16939 -2.97945 -15.16104 2.18905 8.53657 -1.53605 -9.78588 4.91582 3.71992 -0.27660 -4.23763 2.33248 -0.66851 0.17543 0.66707 -0.21107 -2.38068 1.03988 2.22565 -1.52055 -2.53770 1.68776 1.85654 -1.68237 -1.43125 1.36738 0.86796 -0.85659 -0.22971 0.38104
-8.11156 -2.20555 -7.69790 0.34813 -1.31169 -0.78044 -1.83335 1.27258 -1.39241 0.61128 -0.00258 1.46859 -0.79243 1.04503 0.35313 1.52784 -0.32932 1.08890 -0.05988 1.24173 0.21621 0.64168 -0.30295 0.80260 0.40280 0.11574 -0.43372 0.56460 0.29328 -0.04140 -0.23775 0.41027 0.18381
-0.50856 0.45025 1.40274 0.33222 0.29637 0.24985 0.24100 0.06992 0.27651 0.00016 -0.08660 -0.00882 0.11640 -0.09722 -0.10866 -0.09263 0.05407 -0.13938 0.01967 -0.11515 -0.05327 -0.04794 0.04711 -0.07360 -0.05581 0.06540 0.06803 -0.08556 -0.01428 0.07176 0.02369 -0.07070 0.01199
113.88245 -52.69842 -3.60128 -48.50340 -20.21556 -29.67149 -16.19166 -8.67637 -11.79295 -3.59866 -6.01156 6.13118 6.58636 4.19147 5.29060 8.63138 13.76063 5.49922 1.24957 -0.03423 3.59752 -0.27936 -0.36916 1.26822 -3.57127 0.06999 -4.47340 2.24551 -3.56512 0.91439 -2.82314 0.62813 -0.83264 
21.19270 -2.67309 2.34975 1.10376 -0.07504 -6.84395 2.49160 -4.03610 -7.57054 -6.30052 -0.87514 -1.02713 -7.27769 -1.43789 -0.36491 1.29657 1.76498 0.80546 3.21597 -3.50924 2.57233 1.29630 1.90882 -1.06949 1.09759 0.87352 0.25137 -0.14799 -0.22395 0.40586 -1.77446 0.07125 -0.91864 
79.39668 -29.91824 -11.80915 -30.36716 -5.57345 -19.78265 -7.62212 -4.57248 -4.72451 -5.33830 5.31556 2.34032 -2.27344 8.34847 -0.54597 -1.29367 9.06355 -3.43409 15.49306 -3.48747 -1.14144 4.10457 -4.57465 2.64739 -4.47457 0.76177 -1.14533 2.18714 -4.39241 -0.39188 -0.97465 -1.20038 1.99160 
8.23539 -1.14585 -3.08446 -1.37354 11.79600 -11.18414 4.31343 10.19481 -3.97679 -2.74221 11.53834 1.66733 -17.35286 21.71873 -7.26505 -18.90744 -9.75474 -13.19470 34.30158 -4.81123 -11.99216 7.19916 -5.87760 3.88025 -0.37135 0.11052 2.44518 -1.74034 0.95626 1.98440 1.97679 0.10886 5.71345 
13.54431 -7.77982 1.50437 -10.32418 -10.08857 -1.82799 -1.00225 -0.67078 1.29302 1.52595 -4.56434 1.82957 8.33526 -0.00975 -0.41867 0.34718 1.06194 2.53191 -1.76054 1.65973 0.05475 -3.09255 -0.24396 -0.43102 -1.31112 0.53712 -2.72565 -0.62959 0.60871 2.69218 1.12104 0.09774 2.18281 
1.13217 -0.53184 -0.90205 -1.29123 -0.21702 -0.15926 -0.26965 -0.32269 0.05040 0.30426 -0.12773 0.18058 0.30828 0.49902 -0.36222 -0.33753 0.28536 -0.03020 0.66841 -0.09132 -0.00142 -0.09098 -0.27644 0.15536 -0.20516 -0.03679 -0.11927 0.19373 -0.03617 0.24191 0.06671 0.18480 0.21364 
-1.50033 -4.15427 -0.80312 -0.95007 -0.65834 -0.80148 -0.93410 1.67687 -0.77800 0.76743 1.07526 1.00747 0.19393 0.77268 1.50962 1.15981 -0.33992 1.30512 -0.10827 0.27345 -0.65283 0.25246 0.22329 -0.38499 -0.16087 0.19008 -0.15000 -0.15701 -0.09618 0.42715 -0.30040 0.11564 0.16242