-4.52676 6.91591 -4.63428 2.91061 -0.67478 -0.70891 0.98756 -0.29611 -0.17735 0.01568 0.22033 -0.05709 -0.04695 -0.02926 0.02529 0.03075 0.04537 
19.62018 -16.53053 2.63825 3.79144 -1.26320 -1.15482 0.72334 -0.08808 0.03319 -0.04934 0.04674 -0.00560 -0.03534 -0.04396 0.05722 0.00411 

-3.60427 5.25888 -1.79567 -0.39801 0.59192 0.23626 -0.48965 0.10220 0.16020 0.00252 -0.18512 0.13772 0.00648 -0.04258 -0.00145 0.02247 -0.00193 
2.39893 -2.25773 0.86850 0.25567 -0.39082 -0.02755 0.27065 -0.12203 -0.08764 0.06923 0.01584 0.00330 -0.03321 0.01016 -0.00592 0.00648 

0.72318 -1.08049 0.39896 -0.10498 0.08420 0.03299 -0.05482 -0.01279 -0.06459 0.17442 -0.09658 -0.00376 -0.02837 0.07626 -0.07342 0.06902 -0.03923 
-2.17491 2.27021 -0.78753 -0.26154 0.33044 -0.03670 -0.14295 0.08830 0.03629 -0.00720 -0.07204 0.01253 0.05557 -0.02678 0.03558 -0.07649 

11.79905 -6.89382 -3.44173 -0.00031 -0.14250 -0.66907 -0.24440 0.15410 -0.04378 -0.27543 -0.02146 -0.06413 0.00854 -0.02379 -0.01539 -0.08674 -0.03915 
-0.94958 -5.25028 0.06550 1.66313 0.56686 -0.83164 -0.17696 0.32690 0.14429 -0.17955 0.10228 0.04972 -0.04198 0.00350 0.02371 0.00890 

-17.14014 5.01861 5.26026 3.83451 1.59267 -0.01399 -0.21761 0.27666 0.49417 0.34261 0.10774 0.05674 0.00174 0.06797 0.15753 0.06964 0.09089 
-4.46474 -2.17625 -0.30238 0.72630 0.09214 -0.06322 -0.19906 -0.03585 -0.03371 0.01458 0.03307 0.02026 -0.07792 -0.05324 0.00288 0.01619 

32.58611 -18.01450 -7.80030 -1.68796 -2.25201 -1.07339 0.02764 0.22192 -0.66385 -0.58614 -0.17650 -0.04354 -0.00355 -0.08487 -0.18110 -0.13016 -0.13782 
-2.04204 -4.63695 -0.11626 1.89527 0.64765 -0.84374 -0.24821 0.44828 0.18943 -0.10721 -0.00211 0.14856 -0.00906 -0.06798 0.10890 0.07063 

-2.08368 3.53481 -0.28796 -1.01912 -0.33701 0.19169 0.19869 0.04766 -0.22432 -0.06408 0.04598 0.10299 -0.10854 0.02197 -0.01752 0.01057 -0.01213 
1.81508 1.20266 -0.02972 -0.31567 -0.09435 0.01408 0.09965 0.01167 -0.03376 -0.01090 0.00876 -0.04500 0.03487 0.01334 -0.01967 0.02299 

3.22777 -0.08027 -1.41250 -1.31233 -0.05891 0.08818 -0.16101 -0.06927 0.04014 -0.13038 -0.10193 0.05459 -0.03011 0.00191 -0.02486 -0.05825 0.02722 
0.29189 0.48851 0.00709 -0.10081 0.03295 0.03877 -0.08622 0.04787 0.07293 -0.03613 0.03377 -0.06799 -0.01208 0.10330 -0.00758 -0.04617 

0.30965 -0.13180 -0.10963 -0.07841 0.03433 -0.00010 0.01043 -0.04331 0.00661 -0.00605 0.01589 -0.00914 0.00491 -0.01409 -0.00683 0.01041 0.00713 
0.08207 0.02618 0.03061 -0.02503 -0.00566 -0.02500 0.04543 0.00724 -0.03104 -0.00678 0.01151 0.02258 -0.01974 0.00344 -0.01424 0.01876 

59.33730 -64.21181 -2.55223 13.47193 -0.89341 -4.78720 -1.34070 1.70195 0.22329 0.04240 -0.50225 -0.58137 0.11969 0.40244 -0.01140 -0.29147 -0.12717 
3.02895 -3.20956 -4.78280 2.76458 3.22765 -2.26657 -0.59827 -0.01044 0.93802 0.08766 -0.37819 -0.12194 0.00306 0.31219 0.02320 -0.15975 

13.53156 -1.56020 -6.29421 -3.91957 -0.57851 0.61471 -0.24945 -0.57153 -0.72694 0.42174 -0.08468 -0.23237 -0.27764 0.05835 0.10176 -0.16979 -0.06323 
-15.34583 10.92289 1.42680 -3.64317 0.37434 -0.55901 2.19052 -1.14694 -0.12664 0.22289 0.00779 0.01323 0.05031 0.02982 0.01407 -0.05450 

35.27785 -13.44919 -7.48649 -8.49186 -4.44412 2.45340 -0.24760 -2.00243 0.72963 -1.57687 0.21760 -0.13338 -0.26197 -0.01860 -0.02437 -0.57042 0.02882 
7.72865 -7.39946 -3.57086 4.84739 -1.94226 5.67811 -7.36752 3.00598 0.37908 0.52294 -0.53677 -0.29639 0.04285 0.55111 -0.07447 -0.01163 

10.60573 -18.06930 2.44487 3.21314 3.16280 -0.98784 -1.83402 0.15605 1.54666 -0.47068 0.12413 0.09958 -0.47766 0.31080 0.06425 0.19800 -0.08650 
-1.83857 -4.80477 0.17308 1.36735 -1.09786 2.51246 -2.90868 1.32385 -0.26674 0.06853 0.24310 -0.28097 -0.04252 0.07712 0.08148 -0.03828 

9.12394 -20.53984 3.78871 6.61703 1.93386 -1.56585 -1.04894 0.43493 1.11377 0.03202 -0.22581 0.07621 -0.12072 0.38887 -0.27811 0.27209 -0.00215 
-0.92186 -1.69723 -0.55077 -0.02951 1.01206 -0.46060 0.01560 -0.21670 0.07252 -0.07712 0.20663 -0.09730 -0.00316 -0.05242 -0.12720 0.17285 

-1.89826 -1.25508 1.19273 1.16577 0.70019 -0.19806 -0.12255 -0.01508 0.19426 0.13863 0.00698 -0.00063 -0.04533 0.02731 0.03979 0.07069 -0.00135 
0.19942 -0.11344 -0.30292 -0.18686 0.25788 0.13192 -0.05741 -0.24644 0.05253 0.10741 0.01599 -0.04723 -0.05765 0.01015 0.02362 0.01418 

1.40200 -1.19482 -0.42540 0.44514 -0.07301 -0.15260 0.01151 0.01902 0.00980 -0.01153 -0.01197 -0.01183 0.00222 0.01949 -0.02836 0.01711 -0.01677 
-0.09936 -0.46354 0.03703 0.20930 -0.05881 -0.03721 -0.00218 0.00904 0.03169 -0.01037 -0.01940 0.00445 0.02362 -0.01494 -0.00104 0.00909 

0.00000 0.00000 0.00000 0.00000 0.00000 0.00000 0.00000 0.00000 0.00000 0.00000 0.00000 0.00000 0.00000 0.00000 
0.00000 0.00000 0.00000 0.00000 0.00000 0.00000 0.00000 0.00000 0.00000 0.00000 0.00000 0.00000 0.00000 

0.00000 0.00000 0.00000 0.00000 0.00000 0.00000 0.00000 0.00000 0.00000 0.00000 0.00000 0.00000 0.00000 0.00000 
0.00000 0.00000 0.00000 0.00000 0.00000 0.00000 0.00000 0.00000 0.00000 0.00000 0.00000 0.00000 0.00000 

0.00000 0.00000 0.00000 0.00000 0.00000 0.00000 0.00000 0.00000 0.00000 0.00000 0.00000 0.00000 0.00000 0.00000 
0.00000 0.00000 0.00000 0.00000 0.00000 0.00000 0.00000 0.00000 0.00000 0.00000 0.00000 0.00000 0.00000 

0.00000 0.00000 0.00000 0.00000 0.00000 0.00000 0.00000 0.00000 0.00000 0.00000 0.00000 0.00000 0.00000 0.00000 
0.00000 0.00000 0.00000 0.00000 0.00000 0.00000 0.00000 0.00000 0.00000 0.00000 0.00000 0.00000 0.00000 

0.00000 0.00000 0.00000 0.00000 0.00000 0.00000 0.00000 0.00000 0.00000 0.00000 0.00000 0.00000 0.00000 0.00000 
0.00000 0.00000 0.00000 0.00000 0.00000 0.00000 0.00000 0.00000 0.00000 0.00000 0.00000 0.00000 0.00000 

0.00000 0.00000 0.00000 0.00000 0.00000 0.00000 0.00000 0.00000 0.00000 0.00000 0.00000 0.00000 0.00000 0.00000 
0.00000 0.00000 0.00000 0.00000 0.00000 0.00000 0.00000 0.00000 0.00000 0.00000 0.00000 0.00000 0.00000 

0.00000 0.00000 0.00000 0.00000 0.00000 0.00000 0.00000 0.00000 0.00000 0.00000 0.00000 0.00000 0.00000 0.00000 
0.00000 0.00000 0.00000 0.00000 0.00000 0.00000 0.00000 0.00000 0.00000 0.00000 0.00000 0.00000 0.00000 

0.00000 0.00000 0.00000 0.00000 0.00000 0.00000 0.00000 0.00000 0.00000 0.00000 0.00000 0.00000 0.00000 0.00000 
0.00000 0.00000 0.00000 0.00000 0.00000 0.00000 0.00000 0.00000 0.00000 0.00000 0.00000 0.00000 0.00000 

0.00000 0.00000 0.00000 0.00000 0.00000 0.00000 0.00000 0.00000 0.00000 0.00000 0.00000 0.00000 0.00000 0.00000 
0.00000 0.00000 0.00000 0.00000 0.00000 0.00000 0.00000 0.00000 0.00000 0.00000 0.00000 0.00000 0.00000 

0.00000 0.00000 0.00000 0.00000 0.00000 0.00000 0.00000 0.00000 0.00000 0.00000 0.00000 0.00000 0.00000 0.00000 
0.00000 0.00000 0.00000 0.00000 0.00000 0.00000 0.00000 0.00000 0.00000 0.00000 0.00000 0.00000 0.00000 

