-0.942044 0.000000 0.340160 -0.282051 0.377335 -0.556479 0.071045 -0.026173 -0.003623 -0.156665 0.025157 0.089851 0.043084 0.071861 0.058982 0.121767
-0.056642 -0.123031 0.112495 0.035858 -0.021892 0.040011 -0.016969 -0.003642 0.019068 0.003737 -0.005575 0.008377 -0.000581 0.001714 0.000000 0.000000
0.000000 0.000000 0.000000 0.000000 0.000000 0.000000 0.000000 0.000000 0.000000 0.000000 0.000000 0.000000 0.000000 0.000000 0.000000 0.000000
0.000000 0.000000 0.000000 0.000000 0.000000 0.000000 0.000000 0.000000 0.000000 0.000000 0.000000 0.000000 0.000000 0.000000 0.000000 0.000000
0.000000 0.000000 0.000000 0.000000 0.000000 0.000000 0.000000 0.000000 0.000000 0.000000 0.000000 0.000000 0.000000 0.000000 0.000000 0.000000
0.000000 0.000000 0.000000 0.000000 0.000000 0.000000 0.000000 0.000000 0.000000 0.000000 1.156907 0.000000 0.263733 -1.684455 -1.031078 0.125501
-0.032948 0.667641 0.041270 -0.159187 -0.199777 -0.061073 -0.065704 -0.004856 -0.085986 -0.053349 -0.049595 -0.032506 0.213688 0.257211 -0.076410 0.082251
-0.056151 -0.023425 0.014860 0.016645 -0.069749 0.006884 -0.023059 0.010839 0.090275 0.000000 -0.017259 0.001236 -0.060249 -0.058837 -0.026980 -0.002822
0.009421 -0.042770 -0.033308 -0.019868 0.021109 0.013459 -0.021698 -0.039407 -0.015098 0.026636 0.003974 -0.040625 -0.025952 -0.010287 0.019966 -0.018967
0.007526 -0.034552 0.012380 0.003021 0.035893 -0.017919 2.016428 0.000000 -0.722123 -0.514530 -0.920220 0.056918 -0.049216 0.430223 -0.040238 -0.141103
-0.242525 -0.011010 0.008950 0.072760 -0.000135 -0.118391 -0.070995 0.052995 0.104807 0.025941 -0.024663 0.055216 -0.032545 0.099153 0.022734 -0.020392
-0.027319 0.002160 -0.022940 0.028934 -0.419054 0.000000 0.255702 0.701568 0.252083 0.225818 -0.043439 -0.051090 0.018579 0.081672 0.104759 -0.034670
-0.035182 -0.040438 -0.061744 0.040549 -0.020125 -0.067147 0.012569 0.063913 -0.055068 0.025812 -0.003155 -0.062920 -0.001024 0.017594 -0.006448 -0.009463
0.001547 0.002675 0.000000 0.000000 0.000000 0.000000 0.000000 0.000000 0.000000 0.000000 0.000000 0.000000 0.000000 0.000000 0.000000 0.000000
0.000000 0.000000 0.000000 0.000000 0.000000 0.000000 0.000000 0.000000 0.000000 0.000000 0.000000 0.000000 0.000000 0.000000 0.000000 0.000000
0.000000 0.000000 0.000000 0.000000 0.000000 0.000000 0.000000 0.000000 0.000000 0.000000 0.000000 0.000000 0.000000 0.000000 0.000000 0.000000
0.000000 0.000000 0.000000 0.000000 0.000000 0.000000 0.000000 0.000000 0.000000 0.000000 0.000000 0.000000 0.000000 0.000000 93.838286 0.000000
-85.614477 55.831129 -4.221709 11.130096 -5.903715 -17.671114 -7.242690 -5.562930 5.153436 -2.105570 2.741827 -5.033431 1.480926 4.371918 1.186658 0.590161
-0.238564 0.159275 -2.109135 0.819698 0.230812 -1.171893 0.146631 -0.409734 0.287179 -0.241877 0.264534 0.097414 11.592993 0.000000 -10.135350 -0.210066
0.751408 7.153975 0.804132 1.251571 -4.412315 -3.412820 -1.006826 0.461572 1.435180 -2.212957 0.230701 1.403800 -0.395141 -2.433072 1.767815 0.905796
-0.178561 0.687174 -0.307167 0.185801 0.143977 0.048336 -0.191710 -0.139677 -0.099135 0.108793 40.460050 0.000000 -37.916082 24.422909 1.183355 2.168853
-4.814104 -7.436740 -4.663894 0.821660 3.531070 -2.952544 0.535544 -4.593311 2.681185 1.489676 1.931234 3.056338 -2.260623 0.377473 -1.345383 0.776672
0.082393 -1.379429 -0.043765 -0.793334 0.542253 -0.334976 0.096767 0.260060 11.599810 0.000000 -14.544566 5.115055 -1.920166 0.175372 1.169936 -6.228757
5.856148 0.870838 -2.355405 1.777570 -0.916006 3.137035 -0.044114 -6.299111 1.698422 4.406590 -1.392085 -1.347392 1.037299 -0.248439 0.086035 0.480401
-0.839978 0.174268 0.479048 -0.184619 0.085621 -0.022516 0.000000 0.000000 0.000000 0.000000 0.000000 0.000000 0.000000 0.000000 0.000000 0.000000
0.000000 0.000000 0.000000 0.000000 0.000000 0.000000 0.000000 0.000000 0.000000 0.000000 0.000000 0.000000 0.000000 0.000000 0.000000 0.000000
0.000000 0.000000 0.000000 0.000000 0.000000 0.000000 0.000000 0.000000 0.000000 0.000000 0.000000 0.000000 0.000000 0.000000 0.000000 0.000000
0.000000 0.000000 0.000000 0.000000 0.000000 0.000000 0.000000 0.000000 0.000000 0.000000 0.000000 0.000000 0.000000 0.000000 0.000000 0.000000
0.000000 0.000000 -1.072754 0.000000 1.065872 -0.653635 0.299482 0.222342 -0.030992 0.015303 -0.111027 0.049942 -0.027203 -0.016300 -0.058879 0.036211
-0.031605 -0.018507 0.077065 0.054325 -0.072408 0.020674 0.007734 -0.026623 0.005426 0.005014 -0.003168 0.004879 -0.005436 0.003025 -0.005983 0.001919
