0.561792 0.000000 -1.196087 2.594533 0.237247 -2.175764 0.751865 0.755831 -0.502003 0.069188 -0.639159 -0.067604 1.139991 -0.203205 -0.461253 0.415201 -0.012294 -0.243139 0.170817 -0.166889 0.018825 0.292679 -0.132333 -0.060309 0.014434 -0.014169 0.058560 -0.021314 -0.019459 0.040029 -0.018361 -0.038639
0.026959 -0.002275 0.003470 0.021620 -0.015740 -0.025040 0.004728 0.006994 0.013396 0.006413 -0.012321 -0.008061 0.005693 -0.005515 0.001435 0.004559 -0.001736 0.001338 0.001506 0.001128 0.000028 -0.001991 0.000000 0.000000 0.000000 0.000000 0.000000 0.000000 0.000000 0.000000 0.000000 0.000000
0.000000 0.000000 0.000000 0.000000 0.000000 0.000000 0.000000 0.000000 0.000000 0.000000 0.000000 0.000000 0.000000 0.000000 0.000000 0.000000 0.000000 0.000000 0.000000 0.000000 0.000000 0.000000 0.000000 0.000000 0.000000 0.000000 0.000000 0.000000 0.000000 0.000000 0.000000 0.000000
0.000000 0.000000 0.000000 0.000000 0.000000 0.000000 0.000000 0.000000 0.000000 0.000000 0.000000 0.000000 0.000000 0.000000 0.000000 0.000000 0.000000 0.000000 0.000000 0.000000 0.000000 0.000000 0.000000 0.000000 0.000000 0.000000 0.000000 0.000000 0.000000 0.000000 0.000000 0.000000
0.000000 0.000000 0.000000 0.000000 0.000000 0.000000 0.000000 0.000000 0.000000 0.000000 0.000000 0.000000 0.000000 0.000000 0.000000 0.000000 0.000000 0.000000 0.000000 0.000000 0.000000 0.000000 0.000000 0.000000 0.000000 0.000000 0.000000 0.000000 0.000000 0.000000 0.000000 0.000000
0.000000 0.000000 18.173394 0.000000 -2.157656 28.988348 -6.406475 -5.659386 5.269423 11.531607 -15.567562 8.675283 -10.341641 -10.688930 5.761809 -7.975331 0.447005 3.495806 -3.972325 -5.214593 4.725558 -3.761549 3.646043 -0.430696 4.259815 3.109718 -2.054633 2.843280 1.057560 0.080329 -1.778910 3.260950
-2.588860 -2.115277 1.421444 -0.531646 -0.764594 0.131600 1.330802 -0.471934 -1.105912 1.531749 -0.533173 -1.612771 0.838982 0.832006 -1.340582 -0.486776 0.999279 -0.895130 -0.040112 0.408002 0.472617 -0.375068 0.248704 0.842341 -12.736671 0.000000 4.658101 -15.822810 -0.881648 1.933485 5.256013 -10.994395
8.743834 7.374450 -3.469503 1.733989 1.725680 2.776335 -3.977028 0.483126 1.113420 -2.428606 1.054251 0.757292 -0.482447 1.629949 -1.667355 -0.149748 0.470592 -0.849856 0.159088 0.078070 -0.074464 0.106533 -0.721212 0.029752 -0.006290 -0.492851 0.198657 -0.070675 -0.122215 -0.278341 0.402978 -0.667002
0.579814 0.379503 -0.065059 0.365509 -0.036043 0.214163 -0.034069 -0.158033 0.183250 0.178304 -0.188230 0.105465 -0.083444 0.023447 -3.447188 0.000000 5.188108 -6.607910 -8.529915 4.554268 8.161458 -13.818534 6.408754 16.809048 -13.924144 -3.509092 6.761517 -3.306347 -5.787863 3.061652 1.331508 -7.916480
4.233883 2.159318 0.591019 0.273259 1.150455 1.801466 -1.032552 0.508440 1.080374 0.289275 -0.999887 2.550325 -2.256285 -1.611947 1.437373 -0.252318 -1.335182 0.387961 1.077256 -0.970079 -0.785490 1.460523 -0.544607 -1.629717 0.768212 0.622318 -0.976011 -0.639750 1.070042 -0.464980 -0.239400 0.503836
0.244030 -0.451120 0.354536 0.543310 4.480354 0.000000 -1.702201 4.146888 0.504951 1.105414 -1.940757 -0.648110 4.579172 -0.386111 -0.403871 5.258006 -2.264507 1.505508 -3.571285 1.121005 -1.309603 -2.511732 -1.299604 0.526310 -1.124952 -4.076324 3.284754 0.318252 -2.133419 1.119766 -0.495581 -2.713413
1.998562 -1.553420 2.346470 0.666835 0.427603 1.777102 -0.850132 0.675927 -0.169805 -0.542771 0.787722 0.361749 -0.431070 0.909349 -0.577253 -0.339163 0.462537 0.086609 -0.548977 0.564331 -0.470742 -0.575691 0.368123 -0.221637 0.053510 0.267146 0.000000 0.000000 0.000000 0.000000 0.000000 0.000000
0.000000 0.000000 0.000000 0.000000 0.000000 0.000000 0.000000 0.000000 0.000000 0.000000 0.000000 0.000000 0.000000 0.000000 0.000000 0.000000 0.000000 0.000000 0.000000 0.000000 0.000000 0.000000 0.000000 0.000000 0.000000 0.000000 0.000000 0.000000 0.000000 0.000000 0.000000 0.000000
0.000000 0.000000 0.000000 0.000000 0.000000 0.000000 0.000000 0.000000 0.000000 0.000000 0.000000 0.000000 0.000000 0.000000 0.000000 0.000000 0.000000 0.000000 0.000000 0.000000 0.000000 0.000000 0.000000 0.000000 0.000000 0.000000 0.000000 0.000000 0.000000 0.000000 0.000000 0.000000
0.000000 0.000000 0.000000 0.000000 0.000000 0.000000 0.000000 0.000000 0.000000 0.000000 0.000000 0.000000 0.000000 0.000000 0.000000 0.000000 0.000000 0.000000 0.000000 0.000000 0.000000 0.000000 0.000000 0.000000 0.000000 0.000000 0.000000 0.000000 0.000000 0.000000 0.000000 0.000000
0.000000 0.000000 0.000000 0.000000 0.000000 0.000000 35.390707 0.000000 -12.117408 -22.437453 -14.634973 44.758062 -0.575904 8.204453 -8.318215 -2.541197 -3.632123 -16.880336 -8.490184 0.686764 7.839133 0.518972 -1.803144 -5.192950 3.142165 -1.411287 3.413182 -1.892158 3.459411 2.913588 -0.759476 3.267826
-0.443064 2.347084 -2.750406 -1.485854 -0.708908 0.987913 1.186605 -1.520454 -0.301086 -0.047735 0.114053 0.559893 -0.519254 0.247862 -0.483364 -0.310680 -0.128894 -0.364742 0.221363 -0.627850 0.232264 0.043544 0.601030 -0.150661 -0.219942 0.181786 0.286432 0.444369 13.578289 0.000000 -0.947534 -4.537749
-10.713586 14.464252 -0.498621 4.965879 -3.653860 -7.179321 -0.097893 -3.121956 2.049592 -1.632591 -0.955749 1.468445 0.747131 1.751896 0.251807 -2.212213 -0.219986 0.442810 0.990095 -0.318913 -1.088209 0.540685 0.671521 -0.255857 -0.069128 -0.318232 0.875860 0.448357 -0.240746 0.285747 0.001935 0.297572
-0.524012 0.038095 0.057826 0.311930 -0.303711 -0.296067 -0.090282 0.089676 0.060464 -0.394409 -0.032972 0.003709 0.006537 -0.016663 0.027524 -0.003290 0.117709 -0.133754 0.184008 0.000000 0.806842 -0.791970 0.673406 -1.187710 -2.656913 0.496235 1.653232 5.067672 0.035723 -3.893369 -5.641711 2.026692
3.674528 -1.669772 -2.704734 -4.991634 3.195842 2.328449 2.849394 -0.862137 0.239314 1.921116 -1.124703 1.336423 0.160334 1.407030 -1.591566 -1.395393 -1.041005 0.767758 0.922834 -1.134294 0.079599 -0.060271 0.326058 0.356610 -0.449069 0.073131 -0.561573 -0.216466 0.045022 -0.110364 0.181788 -0.409686
0.106946 -0.044998 0.381322 -0.219198 -0.208580 0.149702 0.463662 0.358748 8.393361 0.000000 -2.424429 -4.244935 -5.730967 3.144899 1.931398 8.079791 9.124822 -2.894773 -6.641052 -1.425761 -2.784931 8.998538 -1.870809 -0.126210 -2.028698 -3.224027 -2.898468 -3.621836 1.933921 1.214336 0.236550 -2.869852
-1.007697 0.702736 1.628358 -2.846735 0.824961 0.114281 2.464396 0.586310 0.147411 1.208678 -0.235332 0.400553 -0.704867 0.752924 0.474776 -0.010261 -0.373798 0.129787 -0.002761 0.140733 -0.464913 -0.011524 -0.013032 0.154439 -0.211528 -0.295917 -0.000253 0.034235 0.233585 -0.115003 0.000000 0.000000
0.000000 0.000000 0.000000 0.000000 0.000000 0.000000 0.000000 0.000000 0.000000 0.000000 0.000000 0.000000 0.000000 0.000000 0.000000 0.000000 0.000000 0.000000 0.000000 0.000000 0.000000 0.000000 0.000000 0.000000 0.000000 0.000000 0.000000 0.000000 0.000000 0.000000 0.000000 0.000000
0.000000 0.000000 0.000000 0.000000 0.000000 0.000000 0.000000 0.000000 0.000000 0.000000 0.000000 0.000000 0.000000 0.000000 0.000000 0.000000 0.000000 0.000000 0.000000 0.000000 0.000000 0.000000 0.000000 0.000000 0.000000 0.000000 0.000000 0.000000 0.000000 0.000000 0.000000 0.000000
0.000000 0.000000 0.000000 0.000000 0.000000 0.000000 0.000000 0.000000 0.000000 0.000000 0.000000 0.000000 0.000000 0.000000 0.000000 0.000000 0.000000 0.000000 0.000000 0.000000 0.000000 0.000000 0.000000 0.000000 0.000000 0.000000 0.000000 0.000000 0.000000 0.000000 0.000000 0.000000
0.000000 0.000000 0.000000 0.000000 0.000000 0.000000 0.000000 0.000000 0.000000 0.000000 -1.115123 0.000000 1.093894 -0.379619 0.153820 -0.044928 -0.084921 -0.621411 0.334600 0.515581 -0.229024 0.291084 0.081882 -0.088772 -0.163177 0.034866 0.020578 -0.097689 -0.045778 -0.019000 -0.032873 -0.096271
0.109612 0.051622 -0.040020 0.067108 0.047474 -0.053453 -0.036936 0.020934 0.023339 0.031446 -0.048513 -0.040054 -0.007441 0.042485 -0.006597 -0.019015 -0.003688 0.003673 0.001310 0.002810 -0.001920 -0.000728 -0.003496 0.007752 -0.002892 -0.003612 -0.001186 0.000305 -0.004755 -0.000570 0.000854 0.001008
