-1.714104 0.000000 1.546545 -0.587038 -0.145117 0.140610 0.216705 0.007426 -0.002673 0.056672 0.074533 0.022991 -0.004263 0.043140 -0.021783 -0.018157
0.029237 -0.014624 0.009878 -0.003193 0.011040 0.003315 0.000000 0.000000 0.000000 0.000000 0.000000 0.000000 0.000000 0.000000 0.000000 0.000000
0.000000 0.000000 0.000000 0.000000 0.000000 0.000000 0.000000 0.000000 0.000000 0.000000 0.000000 0.000000 0.000000 0.000000 0.000000 0.000000
0.000000 0.000000 0.000000 0.000000 0.000000 0.000000 0.000000 0.000000 0.000000 0.000000 0.000000 0.000000 0.000000 0.000000 0.000000 0.000000
0.000000 0.000000 -0.025024 0.000000 0.408559 -0.517403 -0.356730 0.022870 -0.076561 0.066142 -0.098821 -0.119675 0.051128 0.010831 0.033904 -0.092359
-0.035330 -0.092952 0.099681 0.049040 0.012555 0.015982 -0.013362 0.007009 -0.043934 0.000000 0.068671 0.045733 -0.072845 -0.023312 0.051237 0.052918
0.007232 -0.030413 0.011949 0.000641 -0.011789 -0.004453 -0.006791 0.013427 -0.015595 0.012011 0.001013 0.025747 0.010852 -0.002514 0.835961 0.000000
-0.322555 -0.076603 -0.465078 -0.202112 -0.099867 -0.044374 0.020455 -0.144044 -0.026168 -0.030117 0.033340 -0.053645 -0.007319 -0.018037 0.062462 0.011317
-0.042064 0.011852 0.010835 -0.003795 -0.367179 0.000000 0.309784 0.077002 -0.015291 -0.047069 -0.007719 -0.054468 0.029663 0.045604 -0.002869 -0.006951
0.003817 -0.016235 0.091188 -0.015408 0.008862 0.030603 -0.036428 -0.005399 -0.013828 -0.004426 0.000000 0.000000 0.000000 0.000000 0.000000 0.000000
0.000000 0.000000 0.000000 0.000000 0.000000 0.000000 0.000000 0.000000 0.000000 0.000000 0.000000 0.000000 0.000000 0.000000 0.000000 0.000000
0.000000 0.000000 0.000000 0.000000 0.000000 0.000000 0.000000 0.000000 0.000000 0.000000 0.000000 0.000000 0.000000 0.000000 0.000000 0.000000
0.000000 0.000000 0.000000 0.000000 0.000000 0.000000 74.955370 0.000000 -71.859332 56.038508 -1.702058 -2.592143 -9.517401 -17.818559 4.542147 -0.365834
3.484011 -2.176276 -0.117462 1.318771 0.834408 1.036302 -0.595680 0.007300 -0.123294 0.387838 0.099289 -0.160476 21.905324 0.000000 -18.314329 6.657151
-1.211579 9.267634 -1.343577 -2.713774 -2.190865 -2.827919 -1.193757 -0.941895 1.391757 -0.468297 0.226803 -0.372156 0.618323 0.014753 0.091740 -0.075243
0.020160 0.257207 24.687587 0.000000 -30.013162 23.572694 8.862561 -11.293567 -11.643310 -7.250324 7.732802 3.640286 3.740498 -1.678465 -1.801700 2.229679
-0.492685 1.414828 -0.532162 0.298440 -0.367185 -0.281606 -0.173242 -0.493362 15.603590 0.000000 -3.377036 13.624457 -21.109899 3.600446 9.174199 -5.184135
1.556519 -2.205451 -4.974568 -0.089352 3.401016 0.274837 -0.367385 0.127926 -0.085598 -0.353202 0.657577 -0.262389 -0.478415 0.321309 0.000000 0.000000
0.000000 0.000000 0.000000 0.000000 0.000000 0.000000 0.000000 0.000000 0.000000 0.000000 0.000000 0.000000 0.000000 0.000000 0.000000 0.000000
0.000000 0.000000 0.000000 0.000000 0.000000 0.000000 0.000000 0.000000 0.000000 0.000000 0.000000 0.000000 0.000000 0.000000 0.000000 0.000000
0.000000 0.000000 0.000000 0.000000 0.000000 0.000000 0.000000 0.000000 0.000000 0.000000 -1.365066 0.000000 1.361642 -0.961653 -0.031284 0.130606
0.137831 0.162157 -0.130871 -0.068300 0.016884 0.090924 0.013400 0.042920 -0.024597 -0.000902 0.024004 0.005831 -0.002952 0.007751 -0.001345 0.005450
