-0.875557 0.000000 0.808881 -0.042018 0.088653 0.010871 -0.042052 0.052847
0.000390 -0.018741 0.010675 -0.000183 0.004061 0.000222 0.002845 0.000172
0.002103 0.000022 0.000000 0.000000 0.000000 0.000000 0.000000 0.000000
0.000000 0.000000 0.000000 0.000000 0.000000 0.000000 0.000000 0.000000
0.000000 0.000000 0.000000 0.000000 0.000000 0.000000 0.000000 0.000000
0.000000 0.000000 0.000000 0.000000 0.000000 0.000000 0.000000 0.000000
0.000000 0.000000 0.000000 0.000000 0.000000 0.000000 0.060585 0.000000
0.020915 -0.144443 -0.135032 0.068786 -0.041110 0.069158 0.014933 -0.151339
0.040782 0.010663 0.029286 0.001032 0.004346 -0.001335 0.005294 -0.003033
-0.050220 0.000000 0.034571 -0.008218 -0.078093 -0.096106 0.039651 -0.007133
0.021407 -0.044586 0.022348 0.002277 0.010318 0.013639 0.004575 -0.002965
-0.004558 0.001828 0.411599 0.000000 -0.273692 -0.192050 -0.159758 -0.011435
-0.015607 -0.023455 0.064401 -0.046037 -0.019565 -0.034695 -0.040159 -0.021335
0.023027 0.003291 0.009754 0.002673 0.072472 0.000000 -0.040862 0.010657
-0.007831 0.035618 -0.014896 -0.000243 0.003331 -0.032748 0.005171 0.009366
-0.010320 0.001141 -0.003996 0.012964 -0.003069 0.001475 0.000000 0.000000
0.000000 0.000000 0.000000 0.000000 0.000000 0.000000 0.000000 0.000000
0.000000 0.000000 0.000000 0.000000 0.000000 0.000000 0.000000 0.000000
0.000000 0.000000 0.000000 0.000000 0.000000 0.000000 0.000000 0.000000
0.000000 0.000000 0.000000 0.000000 0.000000 0.000000 0.000000 0.000000
0.000000 0.000000 35.528986 0.000000 -45.709589 22.028476 8.440678 -14.408701
0.772180 -0.735897 2.580945 3.153820 -2.251320 -1.369765 0.678583 0.950922
-0.406942 -1.131353 0.366478 0.679027 12.628873 0.000000 -15.352974 3.267583
1.958483 -1.289167 0.598907 -2.172642 0.762467 1.281175 0.087067 -0.159067
-0.796372 0.586097 0.215622 -0.365038 -0.102074 -0.110109 -0.062898 0.000000
2.841003 -1.285229 -3.501179 0.295341 -0.165528 -0.607939 1.127510 1.654580
-1.587017 -2.087227 0.802437 0.469554 0.243381 -0.615303 0.302292 0.771195
12.207924 0.000000 -14.385592 4.830692 0.158903 -0.365837 1.827230 -3.747447
0.916368 1.212621 -0.003939 0.584817 -0.318563 0.406393 -0.199771 0.072922
-0.202560 -0.429592 0.000000 0.000000 0.000000 0.000000 0.000000 0.000000
0.000000 0.000000 0.000000 0.000000 0.000000 0.000000 0.000000 0.000000
0.000000 0.000000 0.000000 0.000000 0.000000 0.000000 0.000000 0.000000
0.000000 0.000000 0.000000 0.000000 0.000000 0.000000 0.000000 0.000000
0.000000 0.000000 0.000000 0.000000 0.000000 0.000000 -0.525720 0.000000
0.623453 -0.113635 -0.123454 0.160141 0.014883 0.035490 0.006461 0.016965
-0.000539 -0.000932 0.001074 0.002438 0.000687 0.001457 0.000489 0.000934
