-2.227545 0.000000 0.494585 -3.275131 2.497049 0.489268 -0.485103 1.102522 -0.024504 0.028422 -0.360633 -0.128696 0.135384 -0.011222 -0.026378 0.005521
-0.000069 -0.005775 -0.002786 -0.002704 0.000000 0.000000 0.000000 0.000000 0.000000 0.000000 0.000000 0.000000 0.000000 0.000000 0.000000 0.000000
0.000000 0.000000 0.000000 0.000000 0.000000 0.000000 0.000000 0.000000 0.000000 0.000000 0.000000 0.000000 0.000000 0.000000 0.000000 0.000000
0.000000 0.000000 0.000000 0.000000 0.000000 0.000000 0.000000 0.000000 0.000000 0.000000 0.000000 0.000000 -0.615013 0.000000 1.127352 -0.991186
-0.610293 0.511739 -0.159554 0.465863 0.033727 -0.316938 -0.200274 -0.483589 0.320692 0.124999 0.060057 0.031665 0.075429 0.044583 -0.032124 0.008312
-0.000000 0.000000 0.000000 -0.000000 0.000000 -0.000000 0.000000 -0.000000 0.000000 -0.000000 0.000000 -0.000000 0.000000 -0.000000 0.000000 -0.000000
0.000000 -0.000000 0.000000 -0.000000 1.397779 0.000000 -0.433582 0.610408 -1.121764 -0.190032 -0.018073 -0.322255 -0.063119 -0.178140 -0.060930 -0.240404
0.243642 0.089520 -0.060072 -0.115859 0.104578 -0.080956 0.011541 0.090108 -0.383285 0.000000 0.395485 -0.151826 -0.139682 -0.056192 0.123115 0.101234
0.037182 0.024793 -0.024563 -0.037214 -0.014269 0.059700 -0.008201 -0.030935 0.031911 0.037908 -0.017692 0.026105 0.000000 0.000000 0.000000 0.000000
0.000000 0.000000 0.000000 0.000000 0.000000 0.000000 0.000000 0.000000 0.000000 0.000000 0.000000 0.000000 0.000000 0.000000 0.000000 0.000000
0.000000 0.000000 0.000000 0.000000 0.000000 0.000000 0.000000 0.000000 0.000000 0.000000 0.000000 0.000000 0.000000 0.000000 0.000000 0.000000
0.000000 0.000000 0.000000 0.000000 33.755020 0.000000 -7.200415 51.880516 -38.716362 -8.619349 14.547841 -9.677945 -12.708746 -0.838980 10.828528 -7.009872
-1.485920 4.149450 1.894992 -2.182272 1.683210 2.446204 -2.598148 0.087524 15.909780 0.000000 -23.440677 1.199535 8.318332 0.022625 1.090341 0.455475
-3.138869 0.031221 1.297224 0.000436 -1.485104 -0.384797 0.858432 -0.373048 0.223148 -0.280440 0.367393 -0.020364 -10.915830 0.000000 33.675445 21.620321
-39.673729 -13.709270 21.132074 -0.120079 -10.761358 0.765290 7.738117 -5.581501 -1.960932 4.616072 1.497986 -2.679255 1.911943 2.204313 -2.643716 0.203917
6.622690 0.000000 2.960116 -2.209003 -0.123118 11.303423 2.623043 4.647577 -6.914649 -0.063351 -4.356523 2.067079 -0.882989 -3.150659 -1.427239 -2.211138
1.166726 -1.029447 0.331943 -1.030323 0.000000 0.000000 0.000000 0.000000 0.000000 0.000000 0.000000 0.000000 0.000000 0.000000 0.000000 0.000000
0.000000 0.000000 0.000000 0.000000 0.000000 0.000000 0.000000 0.000000 0.000000 0.000000 0.000000 0.000000 0.000000 0.000000 0.000000 0.000000
0.000000 0.000000 0.000000 0.000000 0.000000 0.000000 0.000000 0.000000 0.000000 0.000000 0.000000 0.000000 -1.031596 0.000000 1.186983 -0.625585
0.086747 0.779100 -0.151654 0.084427 -0.081274 -0.103795 -0.059897 -0.016983 0.123135 -0.057287 -0.004070 0.086820 -0.031877 0.004990 -0.016941 0.000437
