0.633482 0.000000 -0.798474 0.232555 0.181977 -0.200636 0.054996 0.235116
-0.054441 -0.074575 -0.014154 0.013635 0.003442 0.016158 -0.006828 0.000573
0.000000 0.000000 0.000000 0.000000 0.000000 0.000000 0.000000 0.000000
0.000000 0.000000 0.000000 0.000000 0.000000 0.000000 0.000000 0.000000
0.000000 0.000000 0.000000 0.000000 0.000000 0.000000 0.000000 0.000000
0.000000 0.000000 0.000000 0.000000 0.000000 0.000000 0.000000 0.000000
40.206906 0.000000 -49.341512 30.177619 5.610745 -15.270855 2.171555 -3.381843
2.620963 4.172941 -2.188025 -0.625015 1.266689 -0.812179 -0.347321 0.546916
-21.902323 0.000000 23.681698 -11.597485 -0.428287 0.939066 -0.409405 4.087499
-0.486239 0.437031 -0.612875 -0.423706 0.190920 -0.280023 -0.033490 -0.005604
-6.044326 0.000000 0.560608 1.800759 5.067084 -9.716385 1.990113 3.597216
1.451281 4.947860 -3.150379 -0.889620 0.429320 -1.021858 -0.303701 0.520041
5.271936 0.000000 3.153400 0.326774 -6.859935 9.250115 -2.173659 -2.439912
-0.230183 -2.937416 0.244409 -0.920147 -0.180025 0.662044 0.774056 -0.375533
0.000000 0.000000 0.000000 0.000000 0.000000 0.000000 0.000000 0.000000
0.000000 0.000000 0.000000 0.000000 0.000000 0.000000 0.000000 0.000000
0.000000 0.000000 0.000000 0.000000 0.000000 0.000000 0.000000 0.000000
0.000000 0.000000 0.000000 0.000000 0.000000 0.000000 0.000000 0.000000
0.339006 0.000000 0.036648 -0.540357 -0.578712 0.036715 0.047188 -0.002990
0.040791 0.073281 0.074409 -0.011030 -0.004035 -0.122759 0.044706 0.002366
0.356767 0.000000 -0.306264 0.080468 0.045687 -0.003341 0.003838 0.025212
-0.083844 0.055355 -0.005300 0.035801 -0.018478 -0.038787 0.007594 0.000874
0.282699 0.000000 -0.053537 -0.285072 -0.418681 -0.079192 0.051383 -0.013309
0.080133 0.027032 0.060457 -0.055821 0.001795 -0.064733 -0.004249 -0.025178
-0.075015 0.000000 -0.035778 0.073071 0.056329 0.059028 0.036355 -0.021180
-0.017716 0.024723 0.003537 0.005746 0.025548 -0.036743 0.006741 0.007194
0.000000 0.000000 0.000000 0.000000 0.000000 0.000000 0.000000 0.000000
0.000000 0.000000 0.000000 0.000000 0.000000 0.000000 0.000000 0.000000
0.000000 0.000000 0.000000 0.000000 0.000000 0.000000 0.000000 0.000000
0.000000 0.000000 0.000000 0.000000 0.000000 0.000000 0.000000 0.000000
-0.418039 0.000000 0.556337 -0.228986 -0.238466 0.220204 0.045293 -0.038170
0.014011 -0.011250 0.007416 0.015971 0.007985 -0.003769 0.004061 -0.000148
