-1.437704 0.000000 0.773655 -1.157793 0.600940 0.263395 -0.125878 0.124223 0.023216 -0.074622 0.251167 0.186742 -0.039011 -0.060568 -0.015612 0.057939
-0.007704 -0.079766 -0.037544 0.050971 0.029077 -0.011095 -0.005982 0.008793 -0.005725 -0.012854 -0.001357 0.000291 -0.000412 -0.000452 -0.001090 0.000851
-0.000072 -0.000541 0.000037 -0.000514 0.000000 0.000000 0.000000 0.000000 0.000000 0.000000 0.000000 0.000000 0.000000 0.000000 0.000000 0.000000
0.000000 0.000000 0.000000 0.000000 0.000000 0.000000 0.000000 0.000000 0.000000 0.000000 0.000000 0.000000 0.000000 0.000000 0.000000 0.000000
0.000000 0.000000 0.000000 0.000000 0.000000 0.000000 0.000000 0.000000 0.000000 0.000000 0.000000 0.000000 0.000000 0.000000 0.000000 0.000000
0.000000 0.000000 0.000000 0.000000 0.000000 0.000000 0.000000 0.000000 0.000000 0.000000 0.000000 0.000000 0.000000 0.000000 0.000000 0.000000
0.000000 0.000000 0.000000 0.000000 0.000000 0.000000 0.000000 0.000000 0.000000 0.000000 0.000000 0.000000 10.883334 0.000000 -13.731167 -12.052064
0.441497 13.003247 3.316378 -5.703745 -1.047340 3.925500 2.331140 -5.343943 -5.431740 3.332544 5.138637 0.476730 -2.741186 -2.347835 0.702538 2.111705
0.421851 -1.132021 -0.331541 0.318162 0.087919 -0.109930 -0.016634 0.097669 -0.070798 -0.149602 -0.017850 0.193737 0.134099 -0.035046 -0.069135 -0.037916
-7.352575 0.000000 7.242718 11.171324 3.752231 -8.913095 -5.172318 1.281108 1.440268 0.822056 -0.544996 0.603883 1.405817 -0.379240 -1.082522 -0.535312
0.356451 0.723385 0.219915 -0.438655 -0.295059 -0.162136 -0.130738 0.391492 0.388076 -0.184617 -0.397350 -0.024632 0.311257 0.184692 -0.138448 -0.235979
0.029921 0.155691 -0.032649 -0.078977 -6.004920 0.000000 7.238320 12.501647 4.459882 -10.700975 -8.799237 0.776594 3.065583 4.589021 1.455700 -3.658230
-2.769210 0.645074 1.961512 0.880675 -0.908701 -1.437181 0.092982 1.262264 0.413406 -0.841653 -0.421868 0.365190 0.213231 -0.036660 0.092924 0.087398
-0.129103 -0.215395 0.052743 0.224351 0.003736 -0.236036 -0.016980 0.172917 1.301470 0.000000 -1.843173 -1.638438 0.743383 0.011616 -2.681669 1.720866
4.375765 1.456460 -1.137144 -3.471170 -0.428243 1.216907 -1.103413 -0.527308 1.088614 1.748548 -0.014332 -1.803502 -0.410847 1.271374 0.527007 -0.764393
-0.329676 0.368485 0.088494 -0.443874 -0.265352 0.512630 0.368317 -0.191707 -0.275279 0.012860 -0.003923 0.115620 0.000000 0.000000 0.000000 0.000000
0.000000 0.000000 0.000000 0.000000 0.000000 0.000000 0.000000 0.000000 0.000000 0.000000 0.000000 0.000000 0.000000 0.000000 0.000000 0.000000
0.000000 0.000000 0.000000 0.000000 0.000000 0.000000 0.000000 0.000000 0.000000 0.000000 0.000000 0.000000 0.000000 0.000000 0.000000 0.000000
0.000000 0.000000 0.000000 0.000000 0.000000 0.000000 0.000000 0.000000 0.000000 0.000000 0.000000 0.000000 0.000000 0.000000 0.000000 0.000000
0.000000 0.000000 0.000000 0.000000 0.000000 0.000000 0.000000 0.000000 0.000000 0.000000 0.000000 0.000000 0.000000 0.000000 0.000000 0.000000
0.000000 0.000000 0.000000 0.000000 47.811395 0.000000 -11.965207 30.281644 -37.095727 25.812421 2.776547 -12.941913 -7.307598 2.750120 2.392397 -16.566779
-3.430498 2.512614 6.108013 1.938149 0.850836 -4.355077 -0.288844 3.902318 0.540153 -0.053635 0.516890 -1.235403 -0.880574 1.312509 0.391288 -0.112284
-0.052542 -0.346488 -0.091944 0.919451 0.054060 -0.474211 -0.328646 0.063452 20.078744 0.000000 -12.533675 3.078883 -9.428973 6.811363 5.053444 1.909469
-3.831327 -1.715726 0.028608 -2.664576 -0.879738 0.512497 -0.429018 -1.385462 1.062367 0.349586 -0.280076 -0.923786 0.916106 0.181187 0.480433 0.045025
-0.328324 0.140475 0.453152 0.151074 -0.255919 0.176935 -0.077341 0.191582 0.116616 0.042284 -0.145078 0.011112 4.704491 0.000000 3.516388 11.554443
-6.071416 -3.971342 -9.018371 -2.200478 5.792881 5.068960 0.957250 -8.803238 -2.889131 0.140641 4.224137 4.064832 -0.083109 -3.861521 -0.619328 3.174177
0.460818 0.676347 0.342868 -1.201109 -1.400783 0.707024 0.835592 -0.219594 -0.210472 -0.368055 -0.278785 0.869218 0.142537 -0.322277 -0.405569 0.088700
13.715190 0.000000 0.003116 10.096152 -1.624810 9.885177 -13.340639 7.076121 0.614121 -4.872032 3.325551 -7.687568 -2.182869 5.821483 -0.646450 -1.318411
-0.618846 1.690799 -1.175497 -3.049203 0.431276 0.042951 0.673289 -0.017058 -0.439206 -0.630870 0.244406 -0.202570 0.117619 0.306472 -0.122456 -0.806153
0.832607 0.204728 0.193597 0.314071 0.000000 0.000000 0.000000 0.000000 0.000000 0.000000 0.000000 0.000000 0.000000 0.000000 0.000000 0.000000
0.000000 0.000000 0.000000 0.000000 0.000000 0.000000 0.000000 0.000000 0.000000 0.000000 0.000000 0.000000 0.000000 0.000000 0.000000 0.000000
0.000000 0.000000 0.000000 0.000000 0.000000 0.000000 0.000000 0.000000 0.000000 0.000000 0.000000 0.000000 0.000000 0.000000 0.000000 0.000000
0.000000 0.000000 0.000000 0.000000 0.000000 0.000000 0.000000 0.000000 0.000000 0.000000 0.000000 0.000000 0.000000 0.000000 0.000000 0.000000
0.000000 0.000000 0.000000 0.000000 0.000000 0.000000 0.000000 0.000000 0.000000 0.000000 0.000000 0.000000 -1.655107 0.000000 1.070550 -0.396500
0.915771 -0.410116 -0.729810 0.379598 0.410966 0.027442 0.107426 0.146818 -0.050778 0.205527 -0.041624 0.043429 0.036432 -0.104225 -0.034251 0.041478
-0.016494 -0.024135 -0.001702 0.010641 0.005447 -0.002000 0.000295 0.002944 -0.003338 0.001879 -0.001810 -0.000798 -0.001111 -0.000424 -0.000252 0.001070
