0.396637 0.000000 -0.618971 0.404151 -0.014907 -0.092833 0.102679 -0.102577 0.127173 -0.018967 -0.031117 0.018875 -0.007380 0.019399 0.015212 -0.000059
0.015421 -0.003951 0.007149 0.000126 0.008104 -0.000936 0.000000 0.000000 0.000000 0.000000 0.000000 0.000000 0.000000 0.000000 0.000000 0.000000
0.000000 0.000000 0.000000 0.000000 0.000000 0.000000 0.000000 0.000000 0.000000 0.000000 0.000000 0.000000 0.000000 0.000000 0.000000 0.000000
0.000000 0.000000 0.000000 0.000000 0.000000 0.000000 0.000000 0.000000 0.000000 0.000000 0.000000 0.000000 0.000000 0.000000 0.000000 0.000000
0.000000 0.000000 60.724804 0.000000 -72.489669 37.067629 5.142857 -9.322599 7.110250 -15.308751 -1.371303 2.668855 3.573825 6.565530 -2.408716 -4.634889
-1.243616 2.591340 2.071183 -0.593309 -1.077110 -1.089707 -0.032505 1.203971 -23.310686 0.000000 23.999750 -3.667382 0.575904 -6.697185 -0.784564 5.779076
0.003385 2.768325 -0.121517 -1.210835 -1.236273 -0.886133 0.667018 0.236918 0.420396 -0.414900 -0.527308 0.398108 0.313894 0.246835 16.209362 0.000000
-19.610860 18.359605 5.553029 -9.167868 -4.873623 -5.579037 1.444256 4.631601 4.783754 1.828878 -3.427310 -4.958625 -1.086214 3.006686 2.264069 -0.130855
-0.667202 -1.232847 -0.589261 1.151027 10.793197 0.000000 -4.962753 10.877235 -15.321879 -6.505103 10.776370 1.451646 -0.570821 -0.549463 -2.164199 -2.761329
1.589710 3.389251 -0.110799 -1.367366 -0.244212 0.542767 -0.135201 0.121101 0.350587 -0.577458 0.000000 0.000000 0.000000 0.000000 0.000000 0.000000
0.000000 0.000000 0.000000 0.000000 0.000000 0.000000 0.000000 0.000000 0.000000 0.000000 0.000000 0.000000 0.000000 0.000000 0.000000 0.000000
0.000000 0.000000 0.000000 0.000000 0.000000 0.000000 0.000000 0.000000 0.000000 0.000000 0.000000 0.000000 0.000000 0.000000 0.000000 0.000000
0.000000 0.000000 0.000000 0.000000 0.000000 0.000000 -0.585682 0.000000 0.742262 -0.530979 -0.251331 -0.068420 -0.162948 -0.031464 0.276321 -0.130368
0.016734 -0.055654 0.095838 0.105603 0.007820 0.077984 -0.067434 -0.027047 -0.032293 0.005134 -0.039287 -0.004220 0.916608 0.000000 -0.691392 0.385929
-0.182034 0.085931 -0.031319 -0.119185 -0.052606 0.026710 -0.008829 -0.050485 0.056908 0.049017 0.052711 0.032644 -0.033510 0.002116 -0.016531 -0.017187
-0.010006 -0.005427 0.335698 0.000000 -0.005510 -0.497602 -0.411052 -0.322906 -0.087994 -0.125703 0.136645 -0.095889 -0.028985 -0.005830 0.139322 0.045337
-0.035241 0.101162 -0.010194 -0.008697 -0.022577 0.072958 -0.010112 0.010846 0.189977 0.000000 -0.111228 0.126109 -0.023240 0.015198 -0.001916 -0.040003
-0.024421 0.006735 0.008267 -0.004032 0.018097 0.013445 -0.024295 0.029852 -0.012915 -0.003830 -0.006130 -0.004114 -0.012195 0.005036 0.000000 0.000000
0.000000 0.000000 0.000000 0.000000 0.000000 0.000000 0.000000 0.000000 0.000000 0.000000 0.000000 0.000000 0.000000 0.000000 0.000000 0.000000
0.000000 0.000000 0.000000 0.000000 0.000000 0.000000 0.000000 0.000000 0.000000 0.000000 0.000000 0.000000 0.000000 0.000000 0.000000 0.000000
0.000000 0.000000 0.000000 0.000000 0.000000 0.000000 0.000000 0.000000 0.000000 0.000000 -1.010259 0.000000 1.102527 0.058965 -0.229167 0.402129
-0.065048 -0.037696 0.063493 -0.053694 0.010909 0.041055 0.038709 0.061451 0.007828 -0.002437 0.020628 0.000840 0.007353 0.007840 0.003811 -0.001321
