2.615812 0.000000 -1.891846 2.341059 -1.776677 -0.234163 0.864623 -1.166600 0.307024 0.295339 -0.094047 -0.045259 -0.057492 -0.011920 -0.005061 -0.031847
0.043741 0.020914 -0.006078 -0.008742 0.000000 0.000000 0.000000 0.000000 0.000000 0.000000 0.000000 0.000000 0.000000 0.000000 0.000000 0.000000
0.000000 0.000000 0.000000 0.000000 0.000000 0.000000 0.000000 0.000000 0.000000 0.000000 0.000000 0.000000 0.000000 0.000000 0.000000 0.000000
0.000000 0.000000 0.000000 0.000000 0.000000 0.000000 0.000000 0.000000 0.000000 0.000000 0.000000 0.000000 33.223247 0.000000 -12.844290 33.096749
-30.164621 12.317774 9.971674 -21.427737 -3.882216 4.543374 1.094749 -3.653309 1.415466 -1.247753 0.540153 2.358855 0.202890 -1.033953 0.442947 0.539882
-15.437785 0.000000 20.843774 -1.232780 -5.669760 -0.630146 -2.907371 -1.887361 5.296698 -0.388021 0.301883 2.977175 -1.835611 -0.343532 0.175992 0.180545
-0.241702 0.010505 -0.526117 -0.199037 -4.256314 0.000000 30.202921 11.748870 -37.705362 9.695162 12.122413 -14.708176 -2.529944 6.253868 -0.651128 -2.359845
2.299401 -2.726269 0.139856 2.523557 -0.419711 -0.342160 0.797868 0.077279 1.817543 0.000000 6.680856 -0.781524 -2.417121 6.433909 -1.218313 4.765200
-3.118153 -1.811855 -2.506374 -1.147156 1.158327 -0.806476 0.370476 -0.695685 -0.528153 0.691883 -0.239088 0.009778 0.000000 0.000000 0.000000 0.000000
0.000000 0.000000 0.000000 0.000000 0.000000 0.000000 0.000000 0.000000 0.000000 0.000000 0.000000 0.000000 0.000000 0.000000 0.000000 0.000000
0.000000 0.000000 0.000000 0.000000 0.000000 0.000000 0.000000 0.000000 0.000000 0.000000 0.000000 0.000000 0.000000 0.000000 0.000000 0.000000
0.000000 0.000000 0.000000 0.000000 0.323622 0.000000 0.331636 -0.495043 -0.354778 -0.115778 -0.259199 0.293420 -0.207246 -0.344334 0.223448 0.021963
-0.215556 0.077996 0.090951 -0.174848 0.147356 -0.087836 -0.080235 0.070674 0.387263 0.000000 -0.216461 -0.353954 -0.069423 -0.138615 -0.136138 0.208641
0.026084 -0.105127 -0.008320 0.121402 0.005552 -0.017873 0.033436 -0.006032 -0.005114 0.006891 -0.016879 -0.004735 1.157885 0.000000 -0.596081 -0.066713
-0.796106 -0.397897 0.060570 0.034560 0.002999 -0.194206 0.153376 -0.040639 -0.110047 0.005753 -0.025827 -0.034187 0.034563 -0.077436 0.118668 0.044808
0.002715 0.000000 -0.189247 -0.124169 0.210161 -0.117250 -0.004710 0.151100 -0.047384 -0.045539 0.127228 -0.015498 -0.142438 0.099158 0.037306 -0.096237
0.121122 0.008749 -0.114753 0.056994 0.000000 0.000000 0.000000 0.000000 0.000000 0.000000 0.000000 0.000000 0.000000 0.000000 0.000000 0.000000
0.000000 0.000000 0.000000 0.000000 0.000000 0.000000 0.000000 0.000000 0.000000 0.000000 0.000000 0.000000 0.000000 0.000000 0.000000 0.000000
0.000000 0.000000 0.000000 0.000000 0.000000 0.000000 0.000000 0.000000 0.000000 0.000000 0.000000 0.000000 -1.016772 0.000000 1.304660 -0.456260
0.007908 0.261886 -0.182930 0.152450 -0.202778 -0.137555 0.112154 0.014727 -0.020050 0.003082 0.011231 -0.026666 -0.002110 -0.001044 -0.003806 0.011396
