0.054673 0.000000 -0.570648 -0.120119 0.470364 0.086989 0.066409 0.035286
0.018304 -0.119773 -0.046148 -0.018332 0.017179 0.016950 -0.027086 0.028900
0.016954 0.001982 0.000000 0.000000 0.000000 0.000000 0.000000 0.000000
0.000000 0.000000 0.000000 0.000000 0.000000 0.000000 0.000000 0.000000
0.000000 0.000000 0.000000 0.000000 0.000000 0.000000 0.000000 0.000000
0.000000 0.000000 0.000000 0.000000 0.000000 0.000000 0.000000 0.000000
0.000000 0.000000 0.000000 0.000000 0.000000 0.000000 40.725980 0.000000
-32.389825 17.194401 -25.355612 0.572078 18.551018 -8.929860 -4.689513 0.856207
4.990620 -0.744785 -2.090417 2.744289 0.132802 -0.438532 0.124946 0.057803
-15.446234 0.000000 19.140227 4.776843 -4.624319 -1.754646 1.477535 -3.014986
1.491390 1.776592 -2.473106 1.568451 0.125388 -1.021715 0.020159 -0.255646
0.288961 -0.180983 -1.205659 0.000000 17.848749 2.781660 -28.393978 -0.408848
12.178704 -5.237412 -4.499691 2.621070 6.337411 -1.639517 -2.489289 3.165648
-0.026694 -0.312825 0.250448 -0.314138 3.831307 0.000000 5.172522 2.964652
-4.817870 6.094210 -4.279322 1.521422 -1.252729 -3.462974 -0.003194 -1.773157
0.715705 0.151098 0.369268 -0.279500 0.264313 -0.228060 0.000000 0.000000
0.000000 0.000000 0.000000 0.000000 0.000000 0.000000 0.000000 0.000000
0.000000 0.000000 0.000000 0.000000 0.000000 0.000000 0.000000 0.000000
0.000000 0.000000 0.000000 0.000000 0.000000 0.000000 0.000000 0.000000
0.000000 0.000000 0.000000 0.000000 0.000000 0.000000 0.000000 0.000000
0.000000 0.000000 52.805938 0.000000 -48.131280 14.075495 -21.533051 1.964371
19.221662 -8.558776 -4.701528 0.510269 7.305939 -0.451214 -4.789877 2.542810
1.077188 -1.258066 -1.254992 1.043635 14.030159 0.000000 -18.361188 -6.076082
5.560010 1.622334 -2.954997 3.402465 0.623845 -1.919502 1.289272 -0.565271
-0.224852 0.477840 0.106725 0.134111 -0.068973 0.229463 8.690528 0.000000
2.580882 -0.206527 -24.340367 1.421312 14.281697 -3.761997 -4.806544 1.752776
9.339842 -2.633390 -5.067052 2.844351 0.411416 -0.184687 -1.090402 0.985095
3.709803 0.000000 5.517353 3.421225 -7.137436 7.464771 -4.064092 1.201571
-0.199198 -5.388973 0.365957 -1.540714 1.345389 1.340395 0.532667 -0.097972
-0.070442 -0.149190 0.000000 0.000000 0.000000 0.000000 0.000000 0.000000
0.000000 0.000000 0.000000 0.000000 0.000000 0.000000 0.000000 0.000000
0.000000 0.000000 0.000000 0.000000 0.000000 0.000000 0.000000 0.000000
0.000000 0.000000 0.000000 0.000000 0.000000 0.000000 0.000000 0.000000
0.000000 0.000000 0.000000 0.000000 0.000000 0.000000 -1.206101 0.000000
2.210319 0.327352 -0.880860 -0.124987 0.029975 -0.292962 -0.056485 0.034774
-0.034642 -0.010590 -0.003735 0.050206 -0.002750 -0.007252 -0.010056 -0.001671
