0.176691 0.000000 -0.730033 -0.280667 0.616271 0.047472 0.123418 -0.056568 -0.253254 0.047276 0.086167 -0.064104 -0.010733 -0.073953 0.023861 0.030181
-0.005425 0.008840 -0.041464 -0.027205 0.002551 -0.011600 0.009288 -0.012787 0.009345 0.019474 -0.012352 -0.001050 0.005228 -0.003205 0.000442 -0.001030
0.000000 0.000000 0.000000 0.000000 0.000000 0.000000 0.000000 0.000000 0.000000 0.000000 0.000000 0.000000 0.000000 0.000000 0.000000 0.000000
0.000000 0.000000 0.000000 0.000000 0.000000 0.000000 0.000000 0.000000 0.000000 0.000000 0.000000 0.000000 0.000000 0.000000 0.000000 0.000000
0.000000 0.000000 0.000000 0.000000 0.000000 0.000000 0.000000 0.000000 0.000000 0.000000 0.000000 0.000000 0.000000 0.000000 0.000000 0.000000
0.000000 0.000000 0.000000 0.000000 0.000000 0.000000 0.000000 0.000000 0.000000 0.000000 0.000000 0.000000 0.000000 0.000000 0.000000 0.000000
67.114553 0.000000 -80.447925 23.504790 -3.077624 -7.170539 21.520581 -12.290138 -1.692238 4.369800 -3.214968 5.901888 -1.078295 -1.893737 -0.330248 -2.223011
0.947388 1.296557 0.841332 -0.147312 -0.612282 0.025438 -0.263349 0.071706 0.414377 -0.130755 -0.072391 -0.099506 -0.115578 0.299992 0.066666 0.004038
-16.401740 0.000000 15.221339 -0.983745 5.260426 -2.652813 -1.682510 2.058466 -3.468471 2.590503 -0.482706 -1.370124 0.925433 -1.414410 1.154723 0.049953
0.172171 0.338288 -0.734460 0.452507 -0.501945 0.283395 0.386151 -0.442742 0.184786 -0.281662 -0.139172 0.174930 0.014790 0.170350 0.091187 -0.042055
27.341438 0.000000 -31.696571 11.547797 -0.532344 -4.790736 5.462823 -6.858425 0.690678 2.836453 -0.195561 3.560632 -1.155942 -1.950539 -0.772125 -1.675602
0.900560 1.807524 0.503666 -0.001832 -0.656852 -0.503741 -0.495187 0.205253 0.379063 0.063127 0.346736 -0.220075 0.014003 0.217231 -0.134386 0.071869
19.445248 0.000000 -22.925464 2.130884 -0.901724 1.951347 4.915707 -1.896882 0.454132 -2.251447 -0.782407 1.115201 0.084426 1.861832 -0.277034 -0.363851
-0.533711 -0.948316 0.497360 -0.248212 0.297477 0.443756 -0.097762 0.176189 -0.070509 0.016111 -0.063619 0.004579 -0.057604 -0.216351 0.015482 0.006599
0.000000 0.000000 0.000000 0.000000 0.000000 0.000000 0.000000 0.000000 0.000000 0.000000 0.000000 0.000000 0.000000 0.000000 0.000000 0.000000
0.000000 0.000000 0.000000 0.000000 0.000000 0.000000 0.000000 0.000000 0.000000 0.000000 0.000000 0.000000 0.000000 0.000000 0.000000 0.000000
0.000000 0.000000 0.000000 0.000000 0.000000 0.000000 0.000000 0.000000 0.000000 0.000000 0.000000 0.000000 0.000000 0.000000 0.000000 0.000000
0.000000 0.000000 0.000000 0.000000 0.000000 0.000000 0.000000 0.000000 0.000000 0.000000 0.000000 0.000000 0.000000 0.000000 0.000000 0.000000
70.054742 0.000000 -84.685450 22.141110 -3.124180 -6.395456 23.851766 -11.219869 -2.420489 2.867456 -3.818039 5.558065 -0.728977 -0.784920 -0.061271 -2.301278
0.594048 0.234928 0.821686 0.103036 -0.216438 0.491086 -0.408291 -0.006866 -0.011427 -0.328369 -0.024336 -0.006334 0.146282 0.117996 0.030372 0.027524
10.980949 0.000000 -10.072131 -0.415964 -3.953778 3.274682 1.175049 -1.723243 2.776573 -2.628607 0.201204 1.465968 -0.873215 1.234048 -0.678064 -0.192460
-0.041548 -0.541134 0.423645 -0.157081 0.339477 -0.048630 -0.176493 0.221099 -0.198829 0.171767 0.036791 -0.054915 0.046619 -0.145087 0.013753 -0.022227
29.068739 0.000000 -34.881637 13.606002 0.046366 -5.247474 7.454684 -7.613062 -1.447235 2.304690 -0.070009 4.291317 -0.057237 -1.164751 -0.466937 -2.171266
-0.074405 0.865814 0.684408 0.342740 -0.080139 -0.081637 -0.483498 -0.172394 0.055086 -0.205669 0.223020 0.082803 0.154207 0.177174 -0.125413 0.012889
19.647378 0.000000 -23.368845 2.362317 -1.125050 1.861164 5.269567 -2.123939 0.833078 -1.676892 -0.947182 1.244513 -0.237100 1.069692 -0.101341 -0.321182
-0.237155 -0.606020 0.213638 -0.106751 0.115244 0.143169 0.134209 0.025620 0.061255 0.187973 -0.266247 0.034065 -0.104416 -0.216254 0.112966 -0.019421
0.000000 0.000000 0.000000 0.000000 0.000000 0.000000 0.000000 0.000000 0.000000 0.000000 0.000000 0.000000 0.000000 0.000000 0.000000 0.000000
0.000000 0.000000 0.000000 0.000000 0.000000 0.000000 0.000000 0.000000 0.000000 0.000000 0.000000 0.000000 0.000000 0.000000 0.000000 0.000000
0.000000 0.000000 0.000000 0.000000 0.000000 0.000000 0.000000 0.000000 0.000000 0.000000 0.000000 0.000000 0.000000 0.000000 0.000000 0.000000
0.000000 0.000000 0.000000 0.000000 0.000000 0.000000 0.000000 0.000000 0.000000 0.000000 0.000000 0.000000 0.000000 0.000000 0.000000 0.000000
4.161356 0.000000 -9.028305 1.586275 9.989864 -0.923583 -7.082164 0.604820 3.339411 -0.974081 -1.357053 0.753996 0.332781 -0.679673 0.146966 0.314622
-0.209720 -0.154788 0.029806 -0.076865 -0.085133 0.073408 -0.013991 -0.075570 -0.030104 0.000526 0.002278 0.007479 -0.024662 0.015874 -0.014082 -0.020897
