0.155506 0.000000 -2.362075 0.876969 1.090559 -0.204268 1.812769 0.322960 -0.589169 -1.190210 -1.128083 0.426781 1.565496 1.580398 -0.230785 -1.607144
-0.313546 -0.055984 -0.076456 0.579346 0.355007 0.065976 -0.290954 -0.670359 0.233309 0.360866 -0.090417 -0.245858 -0.061295 0.404446 0.090001 -0.137515
-0.142455 0.114257 0.061679 -0.155283 -0.050196 0.166738 0.159138 -0.051064 -0.080897 -0.024304 0.040945 -0.032107 -0.148082 0.060096 0.000000 0.000000
0.000000 0.000000 0.000000 0.000000 0.000000 0.000000 0.000000 0.000000 0.000000 0.000000 0.000000 0.000000 0.000000 0.000000 0.000000 0.000000
0.000000 0.000000 0.000000 0.000000 0.000000 0.000000 0.000000 0.000000 0.000000 0.000000 0.000000 0.000000 0.000000 0.000000 0.000000 0.000000
0.000000 0.000000 0.000000 0.000000 0.000000 0.000000 0.000000 0.000000 0.000000 0.000000 0.000000 0.000000 0.000000 0.000000 0.000000 0.000000
0.000000 0.000000 0.000000 0.000000 0.000000 0.000000 0.000000 0.000000 0.000000 0.000000 0.000000 0.000000 0.000000 0.000000 0.000000 0.000000
0.000000 0.000000 0.000000 0.000000 0.000000 0.000000 0.000000 0.000000 0.000000 0.000000 0.000000 0.000000 0.000000 0.000000 0.000000 0.000000
0.000000 0.000000 0.000000 0.000000 0.000000 0.000000 0.000000 0.000000 0.000000 0.000000 30.214789 0.000000 -42.458734 -6.084405 11.309942 7.785783
4.423263 -4.790847 -2.010046 -4.804015 -3.098961 9.334678 1.846415 -3.505293 1.281495 -3.312388 -1.722313 4.387266 2.402022 -1.423099 -1.058322 -1.581584
-1.881839 0.954611 4.286651 -1.821963 -4.442036 1.012603 1.727433 -0.335165 -0.951565 0.721500 0.957317 -1.751701 -1.688287 2.594117 1.637216 -2.236574
-1.411030 0.775678 0.852476 0.350628 -0.379167 -0.255848 0.163281 0.310886 -9.027228 0.000000 13.749015 3.483304 -6.817331 -4.786194 2.005461 3.621417
-0.360480 0.445560 0.524408 -3.824570 -0.592325 4.262265 -0.107612 -2.614369 1.005139 1.424558 -0.617790 -0.616318 0.235808 0.472406 0.220784 -0.621050
-0.041233 0.038904 0.018413 0.399951 -0.513786 -0.791266 0.781743 0.580185 -0.649986 -0.224846 0.003200 0.020359 0.413012 -0.135315 -0.417925 0.117876
0.190847 -0.125958 -0.258854 0.192477 0.256722 -0.103495 6.164988 0.000000 -1.768693 -1.844936 -9.916907 -6.064494 9.771725 9.895165 -2.411423 -4.266910
-5.232441 -11.271629 8.830491 18.125343 -8.274189 -9.320522 0.865710 0.808270 2.713887 -0.899773 3.058803 4.502878 -7.053291 -3.206597 4.068839 0.756462
0.397107 -2.259061 -1.068650 3.190876 0.474772 -1.915357 -0.464832 -0.219836 -0.553929 1.062499 1.367634 -0.914855 -0.553372 0.473167 -1.026048 0.245667
1.770965 -0.290100 -1.161147 -0.472632 7.645665 0.000000 -6.320355 4.472227 -5.139246 -5.661878 3.137244 1.022211 2.226304 -0.646662 -1.272747 1.278866
-1.951166 3.032292 0.004077 -6.380810 3.890571 4.336894 -2.541902 -0.719434 0.444601 -0.637981 -0.725207 0.101523 0.956366 -1.301221 0.466733 1.040259
-1.230142 0.053599 0.245932 -0.268358 -0.583042 -0.715096 0.900137 0.703611 -0.469307 -0.152236 -0.630623 0.234948 1.045803 -0.837833 -0.772652 0.745149
0.672955 -0.217742 0.000000 0.000000 0.000000 0.000000 0.000000 0.000000 0.000000 0.000000 0.000000 0.000000 0.000000 0.000000 0.000000 0.000000
0.000000 0.000000 0.000000 0.000000 0.000000 0.000000 0.000000 0.000000 0.000000 0.000000 0.000000 0.000000 0.000000 0.000000 0.000000 0.000000
0.000000 0.000000 0.000000 0.000000 0.000000 0.000000 0.000000 0.000000 0.000000 0.000000 0.000000 0.000000 0.000000 0.000000 0.000000 0.000000
0.000000 0.000000 0.000000 0.000000 0.000000 0.000000 0.000000 0.000000 0.000000 0.000000 0.000000 0.000000 0.000000 0.000000 0.000000 0.000000
0.000000 0.000000 0.000000 0.000000 0.000000 0.000000 0.000000 0.000000 0.000000 0.000000 0.000000 0.000000 0.000000 0.000000 0.000000 0.000000
0.000000 0.000000 0.000000 0.000000 0.000000 0.000000 0.000000 0.000000 0.000000 0.000000 0.000000 0.000000 0.000000 0.000000 28.907369 0.000000
-13.867921 -5.878156 -4.183126 2.124459 -12.475354 2.057179 0.000167 1.439196 0.045327 13.219413 4.364241 -14.196609 -3.416794 6.626351 4.337062 -2.021879
-7.110656 -0.756889 5.321842 1.145748 -0.265948 -7.899832 1.024558 1.784681 -3.689632 1.052900 0.964991 2.076462 0.201467 0.319666 1.214860 -1.782048
-1.956286 2.480801 1.606983 -3.069440 -1.637600 1.480840 0.188212 -0.004548 0.852124 0.299630 -0.425887 -0.394736 10.617792 0.000000 -10.243428 -0.947556
5.358092 -1.951000 -5.892363 1.570428 -0.523727 -2.722940 -1.373190 6.867343 1.017198 -4.258404 1.904323 3.379237 0.638607 -3.083628 -1.602627 -0.028816
0.874030 1.435283 -1.141770 -1.465720 0.429335 1.174056 -1.156172 -1.246518 0.798719 0.884128 -0.095380 -0.817211 -0.162102 0.512231 0.982514 0.608848
-0.434614 -0.375798 0.547298 0.059900 -0.437850 -0.469106 -0.104667 0.128440 -0.000018 0.198853 -6.460273 0.000000 3.683837 4.468496 -1.668589 6.092452
7.788650 4.645664 3.101102 0.115133 -0.412976 -24.575030 -5.303972 8.119688 -11.520080 2.900091 5.670635 5.121142 6.962895 -0.741657 4.741136 2.894436
-6.957708 -2.675138 2.818654 -2.014069 -1.436905 -0.582654 0.239009 -0.042741 -0.697316 0.303925 0.376857 0.029518 -1.468752 1.210339 0.941203 -1.325045
-0.857823 1.360027 -0.108911 -1.101062 0.337517 1.148272 0.231813 -0.488350 24.209866 0.000000 -0.909377 0.607922 -6.961025 8.306406 -6.031341 6.833682
-7.200104 5.419372 -10.213918 -9.678589 -3.110064 -0.773611 5.163280 -7.963467 4.030717 6.523718 6.449373 4.088294 2.774502 -2.798111 -7.941154 -5.178998
1.087244 -1.886943 -2.986796 0.061162 1.329812 2.072118 1.293228 -0.299471 -0.047870 2.718180 2.302918 0.133531 -2.304167 1.569508 0.042192 -0.667240
-0.689057 -0.627699 -0.841648 -0.553105 0.553391 -0.592137 0.000000 0.000000 0.000000 0.000000 0.000000 0.000000 0.000000 0.000000 0.000000 0.000000
0.000000 0.000000 0.000000 0.000000 0.000000 0.000000 0.000000 0.000000 0.000000 0.000000 0.000000 0.000000 0.000000 0.000000 0.000000 0.000000
0.000000 0.000000 0.000000 0.000000 0.000000 0.000000 0.000000 0.000000 0.000000 0.000000 0.000000 0.000000 0.000000 0.000000 0.000000 0.000000
0.000000 0.000000 0.000000 0.000000 0.000000 0.000000 0.000000 0.000000 0.000000 0.000000 0.000000 0.000000 0.000000 0.000000 0.000000 0.000000
0.000000 0.000000 0.000000 0.000000 0.000000 0.000000 0.000000 0.000000 0.000000 0.000000 0.000000 0.000000 0.000000 0.000000 0.000000 0.000000
0.000000 0.000000 0.000000 0.000000 0.000000 0.000000 0.000000 0.000000 0.000000 0.000000 0.000000 0.000000 0.000000 0.000000 0.000000 0.000000
0.000000 0.000000 1.201501 0.000000 1.020849 1.938989 -0.932603 1.320132 -0.855661 -0.165577 0.029942 -0.201163 -0.116198 0.269698 -0.414687 -0.085296
0.038433 -0.309649 0.159454 0.180390 -0.402803 0.179487 -0.345385 -0.496366 0.406675 -0.479729 0.471537 0.246971 -0.141283 0.353792 -0.218017 -0.121039
0.148977 -0.120069 0.066322 0.182564 -0.198650 0.042582 -0.030292 -0.188548 0.157218 -0.009782 -0.028746 0.124770 -0.112434 -0.072809 0.095851 -0.119820
