-1.364876 0.000000 0.342480 1.248592 -1.104874 -1.128130 1.760795 -0.111650 -1.293504 0.262056 1.627599 -0.185468 -0.691936 0.174995 0.068993 0.025610
0.184702 -0.355241 0.470195 0.062468 -0.207281 0.054287 0.064738 0.012688 0.200153 -0.305550 -0.132120 -0.014909 0.174546 -0.186720 -0.066028 0.230870
0.034063 0.022858 -0.058614 -0.136236 -0.030356 0.047948 -0.000660 -0.003907 0.028708 0.081618 -0.006722 -0.083222 0.000000 0.000000 0.000000 0.000000
0.000000 0.000000 0.000000 0.000000 0.000000 0.000000 0.000000 0.000000 0.000000 0.000000 0.000000 0.000000 0.000000 0.000000 0.000000 0.000000
0.000000 0.000000 0.000000 0.000000 0.000000 0.000000 0.000000 0.000000 0.000000 0.000000 0.000000 0.000000 0.000000 0.000000 0.000000 0.000000
0.000000 0.000000 0.000000 0.000000 0.000000 0.000000 0.000000 0.000000 0.000000 0.000000 0.000000 0.000000 0.000000 0.000000 0.000000 0.000000
0.000000 0.000000 0.000000 0.000000 0.000000 0.000000 0.000000 0.000000 0.000000 0.000000 0.000000 0.000000 0.000000 0.000000 0.000000 0.000000
0.000000 0.000000 0.000000 0.000000 0.000000 0.000000 0.000000 0.000000 0.000000 0.000000 0.000000 0.000000 0.000000 0.000000 0.000000 0.000000
0.000000 0.000000 0.000000 0.000000 31.631581 0.000000 -31.538463 -5.063154 -4.854902 -6.406734 10.630261 0.486731 -17.715895 3.644820 21.223576 3.348535
-14.592433 -1.837064 6.987900 1.235774 0.661954 -6.111394 -2.480464 6.161297 4.006108 -4.664744 -4.480490 0.236367 0.407078 -1.097238 -0.918124 1.048364
1.012576 1.511315 -1.160049 -1.663502 0.172763 1.606513 -0.347703 -1.341025 -0.061013 2.629501 1.127681 -1.960210 -0.755535 0.925859 1.043595 -0.586531
-11.974600 0.000000 9.239256 8.633645 1.438356 -1.224788 -1.419015 3.431919 7.180361 -2.069727 -5.197823 -3.860655 1.676120 1.294087 -2.621844 0.483575
0.302001 0.426696 2.498498 0.819054 -2.098139 -0.534235 0.634395 -0.125554 0.994544 1.038290 0.130783 -0.875536 -0.220611 -0.653466 -0.102611 0.174288
-0.124804 -0.180801 -0.220161 0.281979 -0.115592 -0.495374 0.098192 0.567608 0.210178 -0.157705 -0.307484 -0.191362 4.818249 0.000000 -17.594919 8.096957
9.356329 6.023291 9.396720 3.056931 -1.990832 -9.785788 -1.506768 -10.968426 -3.097481 2.241481 -8.655523 20.279569 3.555328 -11.700645 5.750397 1.072253
1.209525 2.992222 -1.060672 0.037856 0.626748 -1.758155 0.866121 -2.808154 -3.525582 -0.795033 1.644664 1.912180 -0.815150 1.711909 0.349831 -1.224453
-0.472278 0.640057 1.341405 -0.727260 0.451696 0.066548 -0.647809 -0.213563 9.521556 0.000000 -3.512847 1.676859 -8.008479 -8.499914 -1.469172 2.372218
3.399817 1.606732 -0.070014 1.130995 -0.556497 0.418300 -0.678075 1.318797 -0.364154 -1.568610 6.194074 0.137833 -2.719925 -1.363076 -1.221271 -0.622405
-2.088292 1.357565 1.779991 -1.896924 1.593594 1.486694 -3.009080 1.218586 0.942601 -1.276563 1.073962 0.515424 0.539124 -0.207048 -1.153848 -1.043179
-0.237507 0.698024 0.044443 -0.007138 0.000000 0.000000 0.000000 0.000000 0.000000 0.000000 0.000000 0.000000 0.000000 0.000000 0.000000 0.000000
0.000000 0.000000 0.000000 0.000000 0.000000 0.000000 0.000000 0.000000 0.000000 0.000000 0.000000 0.000000 0.000000 0.000000 0.000000 0.000000
0.000000 0.000000 0.000000 0.000000 0.000000 0.000000 0.000000 0.000000 0.000000 0.000000 0.000000 0.000000 0.000000 0.000000 0.000000 0.000000
0.000000 0.000000 0.000000 0.000000 0.000000 0.000000 0.000000 0.000000 0.000000 0.000000 0.000000 0.000000 0.000000 0.000000 0.000000 0.000000
0.000000 0.000000 0.000000 0.000000 0.000000 0.000000 0.000000 0.000000 0.000000 0.000000 0.000000 0.000000 0.000000 0.000000 0.000000 0.000000
0.000000 0.000000 0.000000 0.000000 0.000000 0.000000 0.000000 0.000000 0.000000 0.000000 0.000000 0.000000 24.735224 0.000000 -14.272223 9.174743
-8.965348 -7.711638 9.088088 24.927940 -9.277698 -17.718446 -1.013278 3.478564 -5.554044 12.889918 9.522306 -15.826895 -0.446545 3.524608 -7.396816 4.280828
8.079170 -4.649503 -5.944681 0.541233 0.170799 -2.033922 6.474145 2.998321 -5.787078 -2.517925 0.070684 0.151826 -0.233037 2.440614 -0.135208 -2.051495
1.220750 1.379074 -0.358262 0.029770 -0.015254 -1.223636 0.038307 0.690396 8.719248 0.000000 -7.500893 0.106770 -2.754984 -6.361306 4.653146 7.988056
-4.923067 -3.892872 0.475750 -0.605790 0.409407 6.437130 2.228786 -5.182564 -0.937062 0.046249 -1.289080 0.188999 1.541597 0.274000 0.095418 -0.736564
-0.722312 1.367685 -0.251837 -0.821476 0.510232 0.450388 -0.081629 0.465740 -0.513788 -0.782801 0.550722 0.767712 0.065118 0.120462 0.002566 -0.748153
-0.486418 0.229532 0.209079 -0.082048 0.289290 0.000000 -5.921374 5.135312 9.681228 8.721124 3.770437 8.174538 1.484965 -12.485956 -6.532002 -11.171820
0.709687 6.488462 -10.514126 5.874418 0.585554 -1.560603 3.656603 1.352204 10.991862 -0.222795 -5.308645 -0.525609 -2.771227 -4.740701 0.890973 3.710166
-3.500967 -1.150535 2.184649 0.522335 -0.361671 2.741954 -0.049196 -2.449443 0.075759 0.761177 -0.023366 0.360255 0.844244 -1.197028 -0.182678 -0.089574
21.669805 0.000000 3.743044 5.464573 -6.397680 7.449918 -7.261257 10.296159 -5.056941 9.629271 -7.381890 -0.006160 -3.401224 -11.553804 -6.383856 -1.700608
2.392152 -5.201365 11.274122 -1.181415 -0.487542 1.698382 -1.850651 1.398923 0.270842 -2.731861 -1.919176 -2.752278 0.152892 3.969663 0.432994 2.013395
0.667726 -0.979331 0.804729 -0.251992 -0.004294 -0.374393 -1.502518 -0.136341 -0.185846 1.176168 0.424571 -0.178065 0.000000 0.000000 0.000000 0.000000
0.000000 0.000000 0.000000 0.000000 0.000000 0.000000 0.000000 0.000000 0.000000 0.000000 0.000000 0.000000 0.000000 0.000000 0.000000 0.000000
0.000000 0.000000 0.000000 0.000000 0.000000 0.000000 0.000000 0.000000 0.000000 0.000000 0.000000 0.000000 0.000000 0.000000 0.000000 0.000000
0.000000 0.000000 0.000000 0.000000 0.000000 0.000000 0.000000 0.000000 0.000000 0.000000 0.000000 0.000000 0.000000 0.000000 0.000000 0.000000
0.000000 0.000000 0.000000 0.000000 0.000000 0.000000 0.000000 0.000000 0.000000 0.000000 0.000000 0.000000 0.000000 0.000000 0.000000 0.000000
0.000000 0.000000 0.000000 0.000000 0.000000 0.000000 0.000000 0.000000 0.000000 0.000000 0.000000 0.000000 0.000000 0.000000 0.000000 0.000000
0.000000 0.000000 0.000000 0.000000 1.198923 0.000000 1.192841 2.074929 -0.811039 1.420688 -0.695380 0.053938 -0.071344 0.162771 -0.503350 0.338938
-0.582343 -0.389841 0.234287 -0.524402 0.395763 0.223766 -0.249592 0.356157 -0.355619 -0.198374 0.095179 -0.311274 0.225920 0.002612 0.065012 0.132252
-0.039040 0.108730 -0.117002 0.042324 -0.085677 -0.095698 0.074944 -0.085911 0.067756 0.070575 -0.071144 0.049977 -0.030687 -0.066849 0.061594 -0.009334
